Cx
1
10
10
30
10 1 2 3 4 5 6 7 8 9 10
3 1 2 3
5 1 2 3 4 5
4 1 2 3 4
2 1 2
4 1 2 3 4
1 1
1 1
2 1 2
5 1 2 3 4 5
4 1 2 3 4
0.1 0.120185 0.0666667 0.1 0.0745356 0.0942809 0.133333 0.149071 0.24267 0.235702 
0.1 
0.120185 
0.0666667 
0.1 
0.0745356 
0.0942809 
0.133333 
0.149071 
0.24267 
0.235702 
1
3 0.166667 0.166667 0.166667
5 0.166667 0.166667 0.166667 0.166667 0.166667
4 0.166667 0.166667 0.166667 0.166667
2 0.166667 0.166667
4 0.166667 0.166667 0.166667 0.166667
1 0.166667
1 0.166667
2 0.166667 0.166667
5 0.166667 0.166667 0.166667 0.166667 0.166667
4 0.166667 0.166667 0.166667 0.166667
2
3 0.166667 0.166667 0.166667
5 0.166667 0.166667 0.166667 0.166667 0.166667
4 0.166667 0.166667 0.166667 0.166667
2 0.166667 0.166667
4 0.166667 0.166667 0.166667 0.166667
1 0.166667
1 0.166667
2 0.166667 0.166667
5 0.166667 0.166667 0.166667 0.166667 0.166667
4 0.166667 0.166667 0.166667 0.166667
3
3 0.166667 0.166667 0.166667
5 0.166667 0.166667 0.166667 0.166667 0.166667
4 0.166667 0.166667 0.166667 0.166667
2 0.166667 0.166667
4 0.166667 0.166667 0.166667 0.166667
1 0.166667
1 0.166667
2 0.166667 0.166667
5 0.166667 0.166667 0.166667 0.166667 0.166667
4 0.166667 0.166667 0.166667 0.166667
4
3 0.166667 0.166667 0.166667
5 0.166667 0.166667 0.166667 0.166667 0.166667
4 0.166667 0.166667 0.166667 0.166667
2 0.166667 0.166667
4 0.166667 0.166667 0.166667 0.166667
1 0.166667
1 0.166667
2 0.166667 0.166667
5 0.166667 0.166667 0.166667 0.166667 0.166667
4 0.166667 0.166667 0.166667 0.166667
5
3 0.166667 0.166667 0.166667
5 0.166667 0.166667 0.166667 0.166667 0.166667
4 0.166667 0.166667 0.166667 0.166667
2 0.166667 0.166667
4 0.166667 0.166667 0.166667 0.166667
1 0.166667
1 0.166667
2 0.166667 0.166667
5 0.166667 0.166667 0.166667 0.166667 0.166667
4 0.166667 0.166667 0.166667 0.166667
6
3 0.166667 0.166667 0.166667
5 0.166667 0.166667 0.166667 0.166667 0.166667
4 0.166667 0.166667 0.166667 0.166667
2 0.166667 0.166667
4 0.166667 0.166667 0.166667 0.166667
1 0.166667
1 0.166667
2 0.166667 0.166667
5 0.166667 0.166667 0.166667 0.166667 0.166667
4 0.166667 0.166667 0.166667 0.166667
7
3 0.166667 0.166667 0.166667
5 0.166667 0.166667 0.166667 0.166667 0.166667
4 0.166667 0.166667 0.166667 0.166667
2 0.166667 0.166667
4 0.166667 0.166667 0.166667 0.166667
1 0.166667
1 0.166667
2 0.166667 0.166667
5 0.166667 0.166667 0.166667 0.166667 0.166667
4 0.166667 0.166667 0.166667 0.166667
8
3 0.166667 0.166667 0.166667
5 0.166667 0.166667 0.166667 0.166667 0.166667
4 0.166667 0.166667 0.166667 0.166667
2 0.166667 0.166667
4 0.166667 0.166667 0.166667 0.166667
1 0.166667
1 0.166667
2 0.166667 0.166667
5 0.166667 0.166667 0.166667 0.166667 0.166667
4 0.166667 0.166667 0.166667 0.166667
9
3 0.166667 0.166667 0.166667
5 0.166667 0.166667 0.166667 0.166667 0.166667
4 0.166667 0.166667 0.166667 0.166667
2 0.166667 0.166667
4 0.166667 0.166667 0.166667 0.166667
1 0.166667
1 0.166667
2 0.166667 0.166667
5 0.166667 0.166667 0.166667 0.166667 0.166667
4 0.166667 0.166667 0.166667 0.166667
10
3 0.166667 0.166667 0.166667
5 0.166667 0.166667 0.166667 0.166667 0.166667
4 0.166667 0.166667 0.166667 0.166667
2 0.166667 0.166667
4 0.166667 0.166667 0.166667 0.166667
1 0.166667
1 0.166667
2 0.166667 0.166667
5 0.166667 0.166667 0.166667 0.166667 0.166667
4 0.166667 0.166667 0.166667 0.166667
0.166667 0.166667 0.166667 0.166667 0.166667 0.166667 0.166667 0.166667 0.166667 0.166667 
1
0.283333 0.303518 0.25 0.283333 0.257869 0.277614 0.316667 0.332405 0.426004 0.419036 
0.303518 0.323703 0.270185 0.303518 0.278054 0.297799 0.336852 0.35259 0.446189 0.439221 
0.25 0.270185 0.216667 0.25 0.224536 0.244281 0.283333 0.299071 0.39267 0.385702 
0.283333 0.303518 0.25 0.283333 0.257869 0.277614 0.316667 0.332405 0.426004 0.419036 
0.257869 0.278054 0.224536 0.257869 0.232405 0.25215 0.291202 0.30694 0.400539 0.393571 
0.277614 0.297799 0.244281 0.277614 0.25215 0.271895 0.310948 0.326685 0.420285 0.413316 
0.316667 0.336852 0.283333 0.316667 0.291202 0.310948 0.35 0.365738 0.459337 0.452369 
0.332405 0.35259 0.299071 0.332405 0.30694 0.326685 0.365738 0.381476 0.475075 0.468107 
0.426004 0.446189 0.39267 0.426004 0.400539 0.420285 0.459337 0.475075 0.568674 0.561706 
0.419036 0.439221 0.385702 0.419036 0.393571 0.413316 0.452369 0.468107 0.561706 0.554738 
2
0.283333 0.303518 0.25 0.283333 0.257869 0.277614 0.316667 0.332405 0.426004 0.419036 
0.303518 0.323703 0.270185 0.303518 0.278054 0.297799 0.336852 0.35259 0.446189 0.439221 
0.25 0.270185 0.216667 0.25 0.224536 0.244281 0.283333 0.299071 0.39267 0.385702 
0.283333 0.303518 0.25 0.283333 0.257869 0.277614 0.316667 0.332405 0.426004 0.419036 
0.257869 0.278054 0.224536 0.257869 0.232405 0.25215 0.291202 0.30694 0.400539 0.393571 
0.277614 0.297799 0.244281 0.277614 0.25215 0.271895 0.310948 0.326685 0.420285 0.413316 
0.316667 0.336852 0.283333 0.316667 0.291202 0.310948 0.35 0.365738 0.459337 0.452369 
0.332405 0.35259 0.299071 0.332405 0.30694 0.326685 0.365738 0.381476 0.475075 0.468107 
0.426004 0.446189 0.39267 0.426004 0.400539 0.420285 0.459337 0.475075 0.568674 0.561706 
0.419036 0.439221 0.385702 0.419036 0.393571 0.413316 0.452369 0.468107 0.561706 0.554738 
3
0.283333 0.303518 0.25 0.283333 0.257869 0.277614 0.316667 0.332405 0.426004 0.419036 
0.303518 0.323703 0.270185 0.303518 0.278054 0.297799 0.336852 0.35259 0.446189 0.439221 
0.25 0.270185 0.216667 0.25 0.224536 0.244281 0.283333 0.299071 0.39267 0.385702 
0.283333 0.303518 0.25 0.283333 0.257869 0.277614 0.316667 0.332405 0.426004 0.419036 
0.257869 0.278054 0.224536 0.257869 0.232405 0.25215 0.291202 0.30694 0.400539 0.393571 
0.277614 0.297799 0.244281 0.277614 0.25215 0.271895 0.310948 0.326685 0.420285 0.413316 
0.316667 0.336852 0.283333 0.316667 0.291202 0.310948 0.35 0.365738 0.459337 0.452369 
0.332405 0.35259 0.299071 0.332405 0.30694 0.326685 0.365738 0.381476 0.475075 0.468107 
0.426004 0.446189 0.39267 0.426004 0.400539 0.420285 0.459337 0.475075 0.568674 0.561706 
0.419036 0.439221 0.385702 0.419036 0.393571 0.413316 0.452369 0.468107 0.561706 0.554738 
4
0.283333 0.303518 0.25 0.283333 0.257869 0.277614 0.316667 0.332405 0.426004 0.419036 
0.303518 0.323703 0.270185 0.303518 0.278054 0.297799 0.336852 0.35259 0.446189 0.439221 
0.25 0.270185 0.216667 0.25 0.224536 0.244281 0.283333 0.299071 0.39267 0.385702 
0.283333 0.303518 0.25 0.283333 0.257869 0.277614 0.316667 0.332405 0.426004 0.419036 
0.257869 0.278054 0.224536 0.257869 0.232405 0.25215 0.291202 0.30694 0.400539 0.393571 
0.277614 0.297799 0.244281 0.277614 0.25215 0.271895 0.310948 0.326685 0.420285 0.413316 
0.316667 0.336852 0.283333 0.316667 0.291202 0.310948 0.35 0.365738 0.459337 0.452369 
0.332405 0.35259 0.299071 0.332405 0.30694 0.326685 0.365738 0.381476 0.475075 0.468107 
0.426004 0.446189 0.39267 0.426004 0.400539 0.420285 0.459337 0.475075 0.568674 0.561706 
0.419036 0.439221 0.385702 0.419036 0.393571 0.413316 0.452369 0.468107 0.561706 0.554738 
5
0.283333 0.303518 0.25 0.283333 0.257869 0.277614 0.316667 0.332405 0.426004 0.419036 
0.303518 0.323703 0.270185 0.303518 0.278054 0.297799 0.336852 0.35259 0.446189 0.439221 
0.25 0.270185 0.216667 0.25 0.224536 0.244281 0.283333 0.299071 0.39267 0.385702 
0.283333 0.303518 0.25 0.283333 0.257869 0.277614 0.316667 0.332405 0.426004 0.419036 
0.257869 0.278054 0.224536 0.257869 0.232405 0.25215 0.291202 0.30694 0.400539 0.393571 
0.277614 0.297799 0.244281 0.277614 0.25215 0.271895 0.310948 0.326685 0.420285 0.413316 
0.316667 0.336852 0.283333 0.316667 0.291202 0.310948 0.35 0.365738 0.459337 0.452369 
0.332405 0.35259 0.299071 0.332405 0.30694 0.326685 0.365738 0.381476 0.475075 0.468107 
0.426004 0.446189 0.39267 0.426004 0.400539 0.420285 0.459337 0.475075 0.568674 0.561706 
0.419036 0.439221 0.385702 0.419036 0.393571 0.413316 0.452369 0.468107 0.561706 0.554738 
6
0.283333 0.303518 0.25 0.283333 0.257869 0.277614 0.316667 0.332405 0.426004 0.419036 
0.303518 0.323703 0.270185 0.303518 0.278054 0.297799 0.336852 0.35259 0.446189 0.439221 
0.25 0.270185 0.216667 0.25 0.224536 0.244281 0.283333 0.299071 0.39267 0.385702 
0.283333 0.303518 0.25 0.283333 0.257869 0.277614 0.316667 0.332405 0.426004 0.419036 
0.257869 0.278054 0.224536 0.257869 0.232405 0.25215 0.291202 0.30694 0.400539 0.393571 
0.277614 0.297799 0.244281 0.277614 0.25215 0.271895 0.310948 0.326685 0.420285 0.413316 
0.316667 0.336852 0.283333 0.316667 0.291202 0.310948 0.35 0.365738 0.459337 0.452369 
0.332405 0.35259 0.299071 0.332405 0.30694 0.326685 0.365738 0.381476 0.475075 0.468107 
0.426004 0.446189 0.39267 0.426004 0.400539 0.420285 0.459337 0.475075 0.568674 0.561706 
0.419036 0.439221 0.385702 0.419036 0.393571 0.413316 0.452369 0.468107 0.561706 0.554738 
7
0.283333 0.303518 0.25 0.283333 0.257869 0.277614 0.316667 0.332405 0.426004 0.419036 
0.303518 0.323703 0.270185 0.303518 0.278054 0.297799 0.336852 0.35259 0.446189 0.439221 
0.25 0.270185 0.216667 0.25 0.224536 0.244281 0.283333 0.299071 0.39267 0.385702 
0.283333 0.303518 0.25 0.283333 0.257869 0.277614 0.316667 0.332405 0.426004 0.419036 
0.257869 0.278054 0.224536 0.257869 0.232405 0.25215 0.291202 0.30694 0.400539 0.393571 
0.277614 0.297799 0.244281 0.277614 0.25215 0.271895 0.310948 0.326685 0.420285 0.413316 
0.316667 0.336852 0.283333 0.316667 0.291202 0.310948 0.35 0.365738 0.459337 0.452369 
0.332405 0.35259 0.299071 0.332405 0.30694 0.326685 0.365738 0.381476 0.475075 0.468107 
0.426004 0.446189 0.39267 0.426004 0.400539 0.420285 0.459337 0.475075 0.568674 0.561706 
0.419036 0.439221 0.385702 0.419036 0.393571 0.413316 0.452369 0.468107 0.561706 0.554738 
8
0.283333 0.303518 0.25 0.283333 0.257869 0.277614 0.316667 0.332405 0.426004 0.419036 
0.303518 0.323703 0.270185 0.303518 0.278054 0.297799 0.336852 0.35259 0.446189 0.439221 
0.25 0.270185 0.216667 0.25 0.224536 0.244281 0.283333 0.299071 0.39267 0.385702 
0.283333 0.303518 0.25 0.283333 0.257869 0.277614 0.316667 0.332405 0.426004 0.419036 
0.257869 0.278054 0.224536 0.257869 0.232405 0.25215 0.291202 0.30694 0.400539 0.393571 
0.277614 0.297799 0.244281 0.277614 0.25215 0.271895 0.310948 0.326685 0.420285 0.413316 
0.316667 0.336852 0.283333 0.316667 0.291202 0.310948 0.35 0.365738 0.459337 0.452369 
0.332405 0.35259 0.299071 0.332405 0.30694 0.326685 0.365738 0.381476 0.475075 0.468107 
0.426004 0.446189 0.39267 0.426004 0.400539 0.420285 0.459337 0.475075 0.568674 0.561706 
0.419036 0.439221 0.385702 0.419036 0.393571 0.413316 0.452369 0.468107 0.561706 0.554738 
9
0.283333 0.303518 0.25 0.283333 0.257869 0.277614 0.316667 0.332405 0.426004 0.419036 
0.303518 0.323703 0.270185 0.303518 0.278054 0.297799 0.336852 0.35259 0.446189 0.439221 
0.25 0.270185 0.216667 0.25 0.224536 0.244281 0.283333 0.299071 0.39267 0.385702 
0.283333 0.303518 0.25 0.283333 0.257869 0.277614 0.316667 0.332405 0.426004 0.419036 
0.257869 0.278054 0.224536 0.257869 0.232405 0.25215 0.291202 0.30694 0.400539 0.393571 
0.277614 0.297799 0.244281 0.277614 0.25215 0.271895 0.310948 0.326685 0.420285 0.413316 
0.316667 0.336852 0.283333 0.316667 0.291202 0.310948 0.35 0.365738 0.459337 0.452369 
0.332405 0.35259 0.299071 0.332405 0.30694 0.326685 0.365738 0.381476 0.475075 0.468107 
0.426004 0.446189 0.39267 0.426004 0.400539 0.420285 0.459337 0.475075 0.568674 0.561706 
0.419036 0.439221 0.385702 0.419036 0.393571 0.413316 0.452369 0.468107 0.561706 0.554738 
10
0.283333 0.303518 0.25 0.283333 0.257869 0.277614 0.316667 0.332405 0.426004 0.419036 
0.303518 0.323703 0.270185 0.303518 0.278054 0.297799 0.336852 0.35259 0.446189 0.439221 
0.25 0.270185 0.216667 0.25 0.224536 0.244281 0.283333 0.299071 0.39267 0.385702 
0.283333 0.303518 0.25 0.283333 0.257869 0.277614 0.316667 0.332405 0.426004 0.419036 
0.257869 0.278054 0.224536 0.257869 0.232405 0.25215 0.291202 0.30694 0.400539 0.393571 
0.277614 0.297799 0.244281 0.277614 0.25215 0.271895 0.310948 0.326685 0.420285 0.413316 
0.316667 0.336852 0.283333 0.316667 0.291202 0.310948 0.35 0.365738 0.459337 0.452369 
0.332405 0.35259 0.299071 0.332405 0.30694 0.326685 0.365738 0.381476 0.475075 0.468107 
0.426004 0.446189 0.39267 0.426004 0.400539 0.420285 0.459337 0.475075 0.568674 0.561706 
0.419036 0.439221 0.385702 0.419036 0.393571 0.413316 0.452369 0.468107 0.561706 0.554738 
8 8.5 8 10 9 10 10 11 10.5 8 
8.5 10 9 10.5 10 10.5 10.5 12 11.5 10 
7 
18 
