Cx
2
17
20
30
10 1 2 3 4 5 6 7 8 9 10
10 11 12 13 14 15 16 17 18 19 20
4 1 2 3 4
3 1 2 3
3 1 2 3
4 1 2 3 4
4 1 2 3 4
5 1 2 3 4 5
4 1 2 3 4
3 1 2 3
2 1 2
5 1 2 3 4 5
5 1 2 3 4 5
4 1 2 3 4
5 1 2 3 4 5
2 1 2
4 1 2 3 4
3 1 2 3
4 1 2 3 4
0.1 0.120185 0.0666667 0.1 0.0745356 0.0942809 0.133333 0.149071 0.24267 0.235702 0.801388 0.706321 0.87496 0.926763 0.833333 0.929755 0.984886 
0.924362 0.897527 0.869227 0.887568 0.760847 0.81377 0.72111 0.686375 0.683943 0.620036 0.235702 0.179505 0.179505 0.166667 0.179505 0.235702 0.166667 
0.1 0.924362 
0.120185 0.897527 
0.0666667 0.869227 
0.1 0.887568 
0.0745356 0.760847 
0.0942809 0.81377 
0.133333 0.72111 
0.149071 0.686375 
0.24267 0.683943 
0.235702 0.620036 
0.801388 0.235702 
0.706321 0.179505 
0.87496 0.179505 
0.926763 0.166667 
0.833333 0.179505 
0.929755 0.235702 
0.984886 0.166667 
1
4 0.166667 0.166667 0.166667 0.166667
3 0.166667 0.166667 0.166667
3 0.166667 0.166667 0.166667
4 0.166667 0.166667 0.166667 0.166667
4 0.166667 0.166667 0.166667 0.166667
5 0.166667 0.166667 0.166667 0.166667 0.166667
4 0.166667 0.166667 0.166667 0.166667
3 0.166667 0.166667 0.166667
2 0.166667 0.166667
5 0.166667 0.166667 0.166667 0.166667 0.166667
5 0.166667 0.166667 0.166667 0.166667 0.166667
4 0.166667 0.166667 0.166667 0.166667
5 0.166667 0.166667 0.166667 0.166667 0.166667
2 0.166667 0.166667
4 0.166667 0.166667 0.166667 0.166667
3 0.166667 0.166667 0.166667
4 0.166667 0.166667 0.166667 0.166667
2
4 0.166667 0.166667 0.166667 0.166667
3 0.166667 0.166667 0.166667
3 0.166667 0.166667 0.166667
4 0.166667 0.166667 0.166667 0.166667
4 0.166667 0.166667 0.166667 0.166667
5 0.166667 0.166667 0.166667 0.166667 0.166667
4 0.166667 0.166667 0.166667 0.166667
3 0.166667 0.166667 0.166667
2 0.166667 0.166667
5 0.166667 0.166667 0.166667 0.166667 0.166667
5 0.166667 0.166667 0.166667 0.166667 0.166667
4 0.166667 0.166667 0.166667 0.166667
5 0.166667 0.166667 0.166667 0.166667 0.166667
2 0.166667 0.166667
4 0.166667 0.166667 0.166667 0.166667
3 0.166667 0.166667 0.166667
4 0.166667 0.166667 0.166667 0.166667
3
4 0.166667 0.166667 0.166667 0.166667
3 0.166667 0.166667 0.166667
3 0.166667 0.166667 0.166667
4 0.166667 0.166667 0.166667 0.166667
4 0.166667 0.166667 0.166667 0.166667
5 0.166667 0.166667 0.166667 0.166667 0.166667
4 0.166667 0.166667 0.166667 0.166667
3 0.166667 0.166667 0.166667
2 0.166667 0.166667
5 0.166667 0.166667 0.166667 0.166667 0.166667
5 0.166667 0.166667 0.166667 0.166667 0.166667
4 0.166667 0.166667 0.166667 0.166667
5 0.166667 0.166667 0.166667 0.166667 0.166667
2 0.166667 0.166667
4 0.166667 0.166667 0.166667 0.166667
3 0.166667 0.166667 0.166667
4 0.166667 0.166667 0.166667 0.166667
4
4 0.166667 0.166667 0.166667 0.166667
3 0.166667 0.166667 0.166667
3 0.166667 0.166667 0.166667
4 0.166667 0.166667 0.166667 0.166667
4 0.166667 0.166667 0.166667 0.166667
5 0.166667 0.166667 0.166667 0.166667 0.166667
4 0.166667 0.166667 0.166667 0.166667
3 0.166667 0.166667 0.166667
2 0.166667 0.166667
5 0.166667 0.166667 0.166667 0.166667 0.166667
5 0.166667 0.166667 0.166667 0.166667 0.166667
4 0.166667 0.166667 0.166667 0.166667
5 0.166667 0.166667 0.166667 0.166667 0.166667
2 0.166667 0.166667
4 0.166667 0.166667 0.166667 0.166667
3 0.166667 0.166667 0.166667
4 0.166667 0.166667 0.166667 0.166667
5
4 0.166667 0.166667 0.166667 0.166667
3 0.166667 0.166667 0.166667
3 0.166667 0.166667 0.166667
4 0.166667 0.166667 0.166667 0.166667
4 0.166667 0.166667 0.166667 0.166667
5 0.166667 0.166667 0.166667 0.166667 0.166667
4 0.166667 0.166667 0.166667 0.166667
3 0.166667 0.166667 0.166667
2 0.166667 0.166667
5 0.166667 0.166667 0.166667 0.166667 0.166667
5 0.166667 0.166667 0.166667 0.166667 0.166667
4 0.166667 0.166667 0.166667 0.166667
5 0.166667 0.166667 0.166667 0.166667 0.166667
2 0.166667 0.166667
4 0.166667 0.166667 0.166667 0.166667
3 0.166667 0.166667 0.166667
4 0.166667 0.166667 0.166667 0.166667
6
4 0.166667 0.166667 0.166667 0.166667
3 0.166667 0.166667 0.166667
3 0.166667 0.166667 0.166667
4 0.166667 0.166667 0.166667 0.166667
4 0.166667 0.166667 0.166667 0.166667
5 0.166667 0.166667 0.166667 0.166667 0.166667
4 0.166667 0.166667 0.166667 0.166667
3 0.166667 0.166667 0.166667
2 0.166667 0.166667
5 0.166667 0.166667 0.166667 0.166667 0.166667
5 0.166667 0.166667 0.166667 0.166667 0.166667
4 0.166667 0.166667 0.166667 0.166667
5 0.166667 0.166667 0.166667 0.166667 0.166667
2 0.166667 0.166667
4 0.166667 0.166667 0.166667 0.166667
3 0.166667 0.166667 0.166667
4 0.166667 0.166667 0.166667 0.166667
7
4 0.166667 0.166667 0.166667 0.166667
3 0.166667 0.166667 0.166667
3 0.166667 0.166667 0.166667
4 0.166667 0.166667 0.166667 0.166667
4 0.166667 0.166667 0.166667 0.166667
5 0.166667 0.166667 0.166667 0.166667 0.166667
4 0.166667 0.166667 0.166667 0.166667
3 0.166667 0.166667 0.166667
2 0.166667 0.166667
5 0.166667 0.166667 0.166667 0.166667 0.166667
5 0.166667 0.166667 0.166667 0.166667 0.166667
4 0.166667 0.166667 0.166667 0.166667
5 0.166667 0.166667 0.166667 0.166667 0.166667
2 0.166667 0.166667
4 0.166667 0.166667 0.166667 0.166667
3 0.166667 0.166667 0.166667
4 0.166667 0.166667 0.166667 0.166667
8
4 0.166667 0.166667 0.166667 0.166667
3 0.166667 0.166667 0.166667
3 0.166667 0.166667 0.166667
4 0.166667 0.166667 0.166667 0.166667
4 0.166667 0.166667 0.166667 0.166667
5 0.166667 0.166667 0.166667 0.166667 0.166667
4 0.166667 0.166667 0.166667 0.166667
3 0.166667 0.166667 0.166667
2 0.166667 0.166667
5 0.166667 0.166667 0.166667 0.166667 0.166667
5 0.166667 0.166667 0.166667 0.166667 0.166667
4 0.166667 0.166667 0.166667 0.166667
5 0.166667 0.166667 0.166667 0.166667 0.166667
2 0.166667 0.166667
4 0.166667 0.166667 0.166667 0.166667
3 0.166667 0.166667 0.166667
4 0.166667 0.166667 0.166667 0.166667
9
4 0.166667 0.166667 0.166667 0.166667
3 0.166667 0.166667 0.166667
3 0.166667 0.166667 0.166667
4 0.166667 0.166667 0.166667 0.166667
4 0.166667 0.166667 0.166667 0.166667
5 0.166667 0.166667 0.166667 0.166667 0.166667
4 0.166667 0.166667 0.166667 0.166667
3 0.166667 0.166667 0.166667
2 0.166667 0.166667
5 0.166667 0.166667 0.166667 0.166667 0.166667
5 0.166667 0.166667 0.166667 0.166667 0.166667
4 0.166667 0.166667 0.166667 0.166667
5 0.166667 0.166667 0.166667 0.166667 0.166667
2 0.166667 0.166667
4 0.166667 0.166667 0.166667 0.166667
3 0.166667 0.166667 0.166667
4 0.166667 0.166667 0.166667 0.166667
10
4 0.166667 0.166667 0.166667 0.166667
3 0.166667 0.166667 0.166667
3 0.166667 0.166667 0.166667
4 0.166667 0.166667 0.166667 0.166667
4 0.166667 0.166667 0.166667 0.166667
5 0.166667 0.166667 0.166667 0.166667 0.166667
4 0.166667 0.166667 0.166667 0.166667
3 0.166667 0.166667 0.166667
2 0.166667 0.166667
5 0.166667 0.166667 0.166667 0.166667 0.166667
5 0.166667 0.166667 0.166667 0.166667 0.166667
4 0.166667 0.166667 0.166667 0.166667
5 0.166667 0.166667 0.166667 0.166667 0.166667
2 0.166667 0.166667
4 0.166667 0.166667 0.166667 0.166667
3 0.166667 0.166667 0.166667
4 0.166667 0.166667 0.166667 0.166667
11
4 0.166667 0.166667 0.166667 0.166667
3 0.166667 0.166667 0.166667
3 0.166667 0.166667 0.166667
4 0.166667 0.166667 0.166667 0.166667
4 0.166667 0.166667 0.166667 0.166667
5 0.166667 0.166667 0.166667 0.166667 0.166667
4 0.166667 0.166667 0.166667 0.166667
3 0.166667 0.166667 0.166667
2 0.166667 0.166667
5 0.166667 0.166667 0.166667 0.166667 0.166667
5 0.166667 0.166667 0.166667 0.166667 0.166667
4 0.166667 0.166667 0.166667 0.166667
5 0.166667 0.166667 0.166667 0.166667 0.166667
2 0.166667 0.166667
4 0.166667 0.166667 0.166667 0.166667
3 0.166667 0.166667 0.166667
4 0.166667 0.166667 0.166667 0.166667
12
4 0.166667 0.166667 0.166667 0.166667
3 0.166667 0.166667 0.166667
3 0.166667 0.166667 0.166667
4 0.166667 0.166667 0.166667 0.166667
4 0.166667 0.166667 0.166667 0.166667
5 0.166667 0.166667 0.166667 0.166667 0.166667
4 0.166667 0.166667 0.166667 0.166667
3 0.166667 0.166667 0.166667
2 0.166667 0.166667
5 0.166667 0.166667 0.166667 0.166667 0.166667
5 0.166667 0.166667 0.166667 0.166667 0.166667
4 0.166667 0.166667 0.166667 0.166667
5 0.166667 0.166667 0.166667 0.166667 0.166667
2 0.166667 0.166667
4 0.166667 0.166667 0.166667 0.166667
3 0.166667 0.166667 0.166667
4 0.166667 0.166667 0.166667 0.166667
13
4 0.166667 0.166667 0.166667 0.166667
3 0.166667 0.166667 0.166667
3 0.166667 0.166667 0.166667
4 0.166667 0.166667 0.166667 0.166667
4 0.166667 0.166667 0.166667 0.166667
5 0.166667 0.166667 0.166667 0.166667 0.166667
4 0.166667 0.166667 0.166667 0.166667
3 0.166667 0.166667 0.166667
2 0.166667 0.166667
5 0.166667 0.166667 0.166667 0.166667 0.166667
5 0.166667 0.166667 0.166667 0.166667 0.166667
4 0.166667 0.166667 0.166667 0.166667
5 0.166667 0.166667 0.166667 0.166667 0.166667
2 0.166667 0.166667
4 0.166667 0.166667 0.166667 0.166667
3 0.166667 0.166667 0.166667
4 0.166667 0.166667 0.166667 0.166667
14
4 0.166667 0.166667 0.166667 0.166667
3 0.166667 0.166667 0.166667
3 0.166667 0.166667 0.166667
4 0.166667 0.166667 0.166667 0.166667
4 0.166667 0.166667 0.166667 0.166667
5 0.166667 0.166667 0.166667 0.166667 0.166667
4 0.166667 0.166667 0.166667 0.166667
3 0.166667 0.166667 0.166667
2 0.166667 0.166667
5 0.166667 0.166667 0.166667 0.166667 0.166667
5 0.166667 0.166667 0.166667 0.166667 0.166667
4 0.166667 0.166667 0.166667 0.166667
5 0.166667 0.166667 0.166667 0.166667 0.166667
2 0.166667 0.166667
4 0.166667 0.166667 0.166667 0.166667
3 0.166667 0.166667 0.166667
4 0.166667 0.166667 0.166667 0.166667
15
4 0.166667 0.166667 0.166667 0.166667
3 0.166667 0.166667 0.166667
3 0.166667 0.166667 0.166667
4 0.166667 0.166667 0.166667 0.166667
4 0.166667 0.166667 0.166667 0.166667
5 0.166667 0.166667 0.166667 0.166667 0.166667
4 0.166667 0.166667 0.166667 0.166667
3 0.166667 0.166667 0.166667
2 0.166667 0.166667
5 0.166667 0.166667 0.166667 0.166667 0.166667
5 0.166667 0.166667 0.166667 0.166667 0.166667
4 0.166667 0.166667 0.166667 0.166667
5 0.166667 0.166667 0.166667 0.166667 0.166667
2 0.166667 0.166667
4 0.166667 0.166667 0.166667 0.166667
3 0.166667 0.166667 0.166667
4 0.166667 0.166667 0.166667 0.166667
16
4 0.166667 0.166667 0.166667 0.166667
3 0.166667 0.166667 0.166667
3 0.166667 0.166667 0.166667
4 0.166667 0.166667 0.166667 0.166667
4 0.166667 0.166667 0.166667 0.166667
5 0.166667 0.166667 0.166667 0.166667 0.166667
4 0.166667 0.166667 0.166667 0.166667
3 0.166667 0.166667 0.166667
2 0.166667 0.166667
5 0.166667 0.166667 0.166667 0.166667 0.166667
5 0.166667 0.166667 0.166667 0.166667 0.166667
4 0.166667 0.166667 0.166667 0.166667
5 0.166667 0.166667 0.166667 0.166667 0.166667
2 0.166667 0.166667
4 0.166667 0.166667 0.166667 0.166667
3 0.166667 0.166667 0.166667
4 0.166667 0.166667 0.166667 0.166667
17
4 0.166667 0.166667 0.166667 0.166667
3 0.166667 0.166667 0.166667
3 0.166667 0.166667 0.166667
4 0.166667 0.166667 0.166667 0.166667
4 0.166667 0.166667 0.166667 0.166667
5 0.166667 0.166667 0.166667 0.166667 0.166667
4 0.166667 0.166667 0.166667 0.166667
3 0.166667 0.166667 0.166667
2 0.166667 0.166667
5 0.166667 0.166667 0.166667 0.166667 0.166667
5 0.166667 0.166667 0.166667 0.166667 0.166667
4 0.166667 0.166667 0.166667 0.166667
5 0.166667 0.166667 0.166667 0.166667 0.166667
2 0.166667 0.166667
4 0.166667 0.166667 0.166667 0.166667
3 0.166667 0.166667 0.166667
4 0.166667 0.166667 0.166667 0.166667
18
4 0.166667 0.166667 0.166667 0.166667
3 0.166667 0.166667 0.166667
3 0.166667 0.166667 0.166667
4 0.166667 0.166667 0.166667 0.166667
4 0.166667 0.166667 0.166667 0.166667
5 0.166667 0.166667 0.166667 0.166667 0.166667
4 0.166667 0.166667 0.166667 0.166667
3 0.166667 0.166667 0.166667
2 0.166667 0.166667
5 0.166667 0.166667 0.166667 0.166667 0.166667
5 0.166667 0.166667 0.166667 0.166667 0.166667
4 0.166667 0.166667 0.166667 0.166667
5 0.166667 0.166667 0.166667 0.166667 0.166667
2 0.166667 0.166667
4 0.166667 0.166667 0.166667 0.166667
3 0.166667 0.166667 0.166667
4 0.166667 0.166667 0.166667 0.166667
19
4 0.166667 0.166667 0.166667 0.166667
3 0.166667 0.166667 0.166667
3 0.166667 0.166667 0.166667
4 0.166667 0.166667 0.166667 0.166667
4 0.166667 0.166667 0.166667 0.166667
5 0.166667 0.166667 0.166667 0.166667 0.166667
4 0.166667 0.166667 0.166667 0.166667
3 0.166667 0.166667 0.166667
2 0.166667 0.166667
5 0.166667 0.166667 0.166667 0.166667 0.166667
5 0.166667 0.166667 0.166667 0.166667 0.166667
4 0.166667 0.166667 0.166667 0.166667
5 0.166667 0.166667 0.166667 0.166667 0.166667
2 0.166667 0.166667
4 0.166667 0.166667 0.166667 0.166667
3 0.166667 0.166667 0.166667
4 0.166667 0.166667 0.166667 0.166667
20
4 0.166667 0.166667 0.166667 0.166667
3 0.166667 0.166667 0.166667
3 0.166667 0.166667 0.166667
4 0.166667 0.166667 0.166667 0.166667
4 0.166667 0.166667 0.166667 0.166667
5 0.166667 0.166667 0.166667 0.166667 0.166667
4 0.166667 0.166667 0.166667 0.166667
3 0.166667 0.166667 0.166667
2 0.166667 0.166667
5 0.166667 0.166667 0.166667 0.166667 0.166667
5 0.166667 0.166667 0.166667 0.166667 0.166667
4 0.166667 0.166667 0.166667 0.166667
5 0.166667 0.166667 0.166667 0.166667 0.166667
2 0.166667 0.166667
4 0.166667 0.166667 0.166667 0.166667
3 0.166667 0.166667 0.166667
4 0.166667 0.166667 0.166667 0.166667
0.166667 0.166667 0.166667 0.166667 0.166667 0.166667 0.166667 0.166667 0.166667 0.166667 0.166667 0.166667 0.166667 0.166667 0.166667 0.166667 0.166667 
1
0.283333 0.303518 0.25 0.283333 0.257869 0.277614 0.316667 0.332405 0.426004 0.419036 0.984721 0.889654 1.05829 1.1101 1.01667 1.11309 1.16822 
0.303518 0.323703 0.270185 0.303518 0.278054 0.297799 0.336852 0.35259 0.446189 0.439221 1.00491 0.909839 1.07848 1.13028 1.03685 1.13327 1.1884 
0.25 0.270185 0.216667 0.25 0.224536 0.244281 0.283333 0.299071 0.39267 0.385702 0.951388 0.856321 1.02496 1.07676 0.983333 1.07976 1.13489 
0.283333 0.303518 0.25 0.283333 0.257869 0.277614 0.316667 0.332405 0.426004 0.419036 0.984721 0.889654 1.05829 1.1101 1.01667 1.11309 1.16822 
0.257869 0.278054 0.224536 0.257869 0.232405 0.25215 0.291202 0.30694 0.400539 0.393571 0.959257 0.86419 1.03283 1.08463 0.991202 1.08762 1.14275 
0.277614 0.297799 0.244281 0.277614 0.25215 0.271895 0.310948 0.326685 0.420285 0.413316 0.979002 0.883935 1.05257 1.10438 1.01095 1.10737 1.1625 
0.316667 0.336852 0.283333 0.316667 0.291202 0.310948 0.35 0.365738 0.459337 0.452369 1.01805 0.922987 1.09163 1.14343 1.05 1.14642 1.20155 
0.332405 0.35259 0.299071 0.332405 0.30694 0.326685 0.365738 0.381476 0.475075 0.468107 1.03379 0.938725 1.10736 1.15917 1.06574 1.16216 1.21729 
0.426004 0.446189 0.39267 0.426004 0.400539 0.420285 0.459337 0.475075 0.568674 0.561706 1.12739 1.03232 1.20096 1.25277 1.15934 1.25576 1.31089 
0.419036 0.439221 0.385702 0.419036 0.393571 0.413316 0.452369 0.468107 0.561706 0.554738 1.12042 1.02536 1.194 1.2458 1.15237 1.24879 1.30392 
0.984721 1.00491 0.951388 0.984721 0.959257 0.979002 1.01805 1.03379 1.12739 1.12042 1.68611 1.59104 1.75968 1.81148 1.71805 1.81448 1.86961 
0.889654 0.909839 0.856321 0.889654 0.86419 0.883935 0.922987 0.938725 1.03232 1.02536 1.59104 1.49597 1.66461 1.71642 1.62299 1.71941 1.77454 
1.05829 1.07848 1.02496 1.05829 1.03283 1.05257 1.09163 1.10736 1.20096 1.194 1.75968 1.66461 1.83325 1.88506 1.79163 1.88805 1.94318 
1.1101 1.13028 1.07676 1.1101 1.08463 1.10438 1.14343 1.15917 1.25277 1.2458 1.81148 1.71642 1.88506 1.93686 1.84343 1.93985 1.99498 
1.01667 1.03685 0.983333 1.01667 0.991202 1.01095 1.05 1.06574 1.15934 1.15237 1.71805 1.62299 1.79163 1.84343 1.75 1.84642 1.90155 
1.11309 1.13327 1.07976 1.11309 1.08762 1.10737 1.14642 1.16216 1.25576 1.24879 1.81448 1.71941 1.88805 1.93985 1.84642 1.94284 1.99797 
1.16822 1.1884 1.13489 1.16822 1.14275 1.1625 1.20155 1.21729 1.31089 1.30392 1.86961 1.77454 1.94318 1.99498 1.90155 1.99797 2.0531 
2
0.283333 0.303518 0.25 0.283333 0.257869 0.277614 0.316667 0.332405 0.426004 0.419036 0.984721 0.889654 1.05829 1.1101 1.01667 1.11309 1.16822 
0.303518 0.323703 0.270185 0.303518 0.278054 0.297799 0.336852 0.35259 0.446189 0.439221 1.00491 0.909839 1.07848 1.13028 1.03685 1.13327 1.1884 
0.25 0.270185 0.216667 0.25 0.224536 0.244281 0.283333 0.299071 0.39267 0.385702 0.951388 0.856321 1.02496 1.07676 0.983333 1.07976 1.13489 
0.283333 0.303518 0.25 0.283333 0.257869 0.277614 0.316667 0.332405 0.426004 0.419036 0.984721 0.889654 1.05829 1.1101 1.01667 1.11309 1.16822 
0.257869 0.278054 0.224536 0.257869 0.232405 0.25215 0.291202 0.30694 0.400539 0.393571 0.959257 0.86419 1.03283 1.08463 0.991202 1.08762 1.14275 
0.277614 0.297799 0.244281 0.277614 0.25215 0.271895 0.310948 0.326685 0.420285 0.413316 0.979002 0.883935 1.05257 1.10438 1.01095 1.10737 1.1625 
0.316667 0.336852 0.283333 0.316667 0.291202 0.310948 0.35 0.365738 0.459337 0.452369 1.01805 0.922987 1.09163 1.14343 1.05 1.14642 1.20155 
0.332405 0.35259 0.299071 0.332405 0.30694 0.326685 0.365738 0.381476 0.475075 0.468107 1.03379 0.938725 1.10736 1.15917 1.06574 1.16216 1.21729 
0.426004 0.446189 0.39267 0.426004 0.400539 0.420285 0.459337 0.475075 0.568674 0.561706 1.12739 1.03232 1.20096 1.25277 1.15934 1.25576 1.31089 
0.419036 0.439221 0.385702 0.419036 0.393571 0.413316 0.452369 0.468107 0.561706 0.554738 1.12042 1.02536 1.194 1.2458 1.15237 1.24879 1.30392 
0.984721 1.00491 0.951388 0.984721 0.959257 0.979002 1.01805 1.03379 1.12739 1.12042 1.68611 1.59104 1.75968 1.81148 1.71805 1.81448 1.86961 
0.889654 0.909839 0.856321 0.889654 0.86419 0.883935 0.922987 0.938725 1.03232 1.02536 1.59104 1.49597 1.66461 1.71642 1.62299 1.71941 1.77454 
1.05829 1.07848 1.02496 1.05829 1.03283 1.05257 1.09163 1.10736 1.20096 1.194 1.75968 1.66461 1.83325 1.88506 1.79163 1.88805 1.94318 
1.1101 1.13028 1.07676 1.1101 1.08463 1.10438 1.14343 1.15917 1.25277 1.2458 1.81148 1.71642 1.88506 1.93686 1.84343 1.93985 1.99498 
1.01667 1.03685 0.983333 1.01667 0.991202 1.01095 1.05 1.06574 1.15934 1.15237 1.71805 1.62299 1.79163 1.84343 1.75 1.84642 1.90155 
1.11309 1.13327 1.07976 1.11309 1.08762 1.10737 1.14642 1.16216 1.25576 1.24879 1.81448 1.71941 1.88805 1.93985 1.84642 1.94284 1.99797 
1.16822 1.1884 1.13489 1.16822 1.14275 1.1625 1.20155 1.21729 1.31089 1.30392 1.86961 1.77454 1.94318 1.99498 1.90155 1.99797 2.0531 
3
0.283333 0.303518 0.25 0.283333 0.257869 0.277614 0.316667 0.332405 0.426004 0.419036 0.984721 0.889654 1.05829 1.1101 1.01667 1.11309 1.16822 
0.303518 0.323703 0.270185 0.303518 0.278054 0.297799 0.336852 0.35259 0.446189 0.439221 1.00491 0.909839 1.07848 1.13028 1.03685 1.13327 1.1884 
0.25 0.270185 0.216667 0.25 0.224536 0.244281 0.283333 0.299071 0.39267 0.385702 0.951388 0.856321 1.02496 1.07676 0.983333 1.07976 1.13489 
0.283333 0.303518 0.25 0.283333 0.257869 0.277614 0.316667 0.332405 0.426004 0.419036 0.984721 0.889654 1.05829 1.1101 1.01667 1.11309 1.16822 
0.257869 0.278054 0.224536 0.257869 0.232405 0.25215 0.291202 0.30694 0.400539 0.393571 0.959257 0.86419 1.03283 1.08463 0.991202 1.08762 1.14275 
0.277614 0.297799 0.244281 0.277614 0.25215 0.271895 0.310948 0.326685 0.420285 0.413316 0.979002 0.883935 1.05257 1.10438 1.01095 1.10737 1.1625 
0.316667 0.336852 0.283333 0.316667 0.291202 0.310948 0.35 0.365738 0.459337 0.452369 1.01805 0.922987 1.09163 1.14343 1.05 1.14642 1.20155 
0.332405 0.35259 0.299071 0.332405 0.30694 0.326685 0.365738 0.381476 0.475075 0.468107 1.03379 0.938725 1.10736 1.15917 1.06574 1.16216 1.21729 
0.426004 0.446189 0.39267 0.426004 0.400539 0.420285 0.459337 0.475075 0.568674 0.561706 1.12739 1.03232 1.20096 1.25277 1.15934 1.25576 1.31089 
0.419036 0.439221 0.385702 0.419036 0.393571 0.413316 0.452369 0.468107 0.561706 0.554738 1.12042 1.02536 1.194 1.2458 1.15237 1.24879 1.30392 
0.984721 1.00491 0.951388 0.984721 0.959257 0.979002 1.01805 1.03379 1.12739 1.12042 1.68611 1.59104 1.75968 1.81148 1.71805 1.81448 1.86961 
0.889654 0.909839 0.856321 0.889654 0.86419 0.883935 0.922987 0.938725 1.03232 1.02536 1.59104 1.49597 1.66461 1.71642 1.62299 1.71941 1.77454 
1.05829 1.07848 1.02496 1.05829 1.03283 1.05257 1.09163 1.10736 1.20096 1.194 1.75968 1.66461 1.83325 1.88506 1.79163 1.88805 1.94318 
1.1101 1.13028 1.07676 1.1101 1.08463 1.10438 1.14343 1.15917 1.25277 1.2458 1.81148 1.71642 1.88506 1.93686 1.84343 1.93985 1.99498 
1.01667 1.03685 0.983333 1.01667 0.991202 1.01095 1.05 1.06574 1.15934 1.15237 1.71805 1.62299 1.79163 1.84343 1.75 1.84642 1.90155 
1.11309 1.13327 1.07976 1.11309 1.08762 1.10737 1.14642 1.16216 1.25576 1.24879 1.81448 1.71941 1.88805 1.93985 1.84642 1.94284 1.99797 
1.16822 1.1884 1.13489 1.16822 1.14275 1.1625 1.20155 1.21729 1.31089 1.30392 1.86961 1.77454 1.94318 1.99498 1.90155 1.99797 2.0531 
4
0.283333 0.303518 0.25 0.283333 0.257869 0.277614 0.316667 0.332405 0.426004 0.419036 0.984721 0.889654 1.05829 1.1101 1.01667 1.11309 1.16822 
0.303518 0.323703 0.270185 0.303518 0.278054 0.297799 0.336852 0.35259 0.446189 0.439221 1.00491 0.909839 1.07848 1.13028 1.03685 1.13327 1.1884 
0.25 0.270185 0.216667 0.25 0.224536 0.244281 0.283333 0.299071 0.39267 0.385702 0.951388 0.856321 1.02496 1.07676 0.983333 1.07976 1.13489 
0.283333 0.303518 0.25 0.283333 0.257869 0.277614 0.316667 0.332405 0.426004 0.419036 0.984721 0.889654 1.05829 1.1101 1.01667 1.11309 1.16822 
0.257869 0.278054 0.224536 0.257869 0.232405 0.25215 0.291202 0.30694 0.400539 0.393571 0.959257 0.86419 1.03283 1.08463 0.991202 1.08762 1.14275 
0.277614 0.297799 0.244281 0.277614 0.25215 0.271895 0.310948 0.326685 0.420285 0.413316 0.979002 0.883935 1.05257 1.10438 1.01095 1.10737 1.1625 
0.316667 0.336852 0.283333 0.316667 0.291202 0.310948 0.35 0.365738 0.459337 0.452369 1.01805 0.922987 1.09163 1.14343 1.05 1.14642 1.20155 
0.332405 0.35259 0.299071 0.332405 0.30694 0.326685 0.365738 0.381476 0.475075 0.468107 1.03379 0.938725 1.10736 1.15917 1.06574 1.16216 1.21729 
0.426004 0.446189 0.39267 0.426004 0.400539 0.420285 0.459337 0.475075 0.568674 0.561706 1.12739 1.03232 1.20096 1.25277 1.15934 1.25576 1.31089 
0.419036 0.439221 0.385702 0.419036 0.393571 0.413316 0.452369 0.468107 0.561706 0.554738 1.12042 1.02536 1.194 1.2458 1.15237 1.24879 1.30392 
0.984721 1.00491 0.951388 0.984721 0.959257 0.979002 1.01805 1.03379 1.12739 1.12042 1.68611 1.59104 1.75968 1.81148 1.71805 1.81448 1.86961 
0.889654 0.909839 0.856321 0.889654 0.86419 0.883935 0.922987 0.938725 1.03232 1.02536 1.59104 1.49597 1.66461 1.71642 1.62299 1.71941 1.77454 
1.05829 1.07848 1.02496 1.05829 1.03283 1.05257 1.09163 1.10736 1.20096 1.194 1.75968 1.66461 1.83325 1.88506 1.79163 1.88805 1.94318 
1.1101 1.13028 1.07676 1.1101 1.08463 1.10438 1.14343 1.15917 1.25277 1.2458 1.81148 1.71642 1.88506 1.93686 1.84343 1.93985 1.99498 
1.01667 1.03685 0.983333 1.01667 0.991202 1.01095 1.05 1.06574 1.15934 1.15237 1.71805 1.62299 1.79163 1.84343 1.75 1.84642 1.90155 
1.11309 1.13327 1.07976 1.11309 1.08762 1.10737 1.14642 1.16216 1.25576 1.24879 1.81448 1.71941 1.88805 1.93985 1.84642 1.94284 1.99797 
1.16822 1.1884 1.13489 1.16822 1.14275 1.1625 1.20155 1.21729 1.31089 1.30392 1.86961 1.77454 1.94318 1.99498 1.90155 1.99797 2.0531 
5
0.283333 0.303518 0.25 0.283333 0.257869 0.277614 0.316667 0.332405 0.426004 0.419036 0.984721 0.889654 1.05829 1.1101 1.01667 1.11309 1.16822 
0.303518 0.323703 0.270185 0.303518 0.278054 0.297799 0.336852 0.35259 0.446189 0.439221 1.00491 0.909839 1.07848 1.13028 1.03685 1.13327 1.1884 
0.25 0.270185 0.216667 0.25 0.224536 0.244281 0.283333 0.299071 0.39267 0.385702 0.951388 0.856321 1.02496 1.07676 0.983333 1.07976 1.13489 
0.283333 0.303518 0.25 0.283333 0.257869 0.277614 0.316667 0.332405 0.426004 0.419036 0.984721 0.889654 1.05829 1.1101 1.01667 1.11309 1.16822 
0.257869 0.278054 0.224536 0.257869 0.232405 0.25215 0.291202 0.30694 0.400539 0.393571 0.959257 0.86419 1.03283 1.08463 0.991202 1.08762 1.14275 
0.277614 0.297799 0.244281 0.277614 0.25215 0.271895 0.310948 0.326685 0.420285 0.413316 0.979002 0.883935 1.05257 1.10438 1.01095 1.10737 1.1625 
0.316667 0.336852 0.283333 0.316667 0.291202 0.310948 0.35 0.365738 0.459337 0.452369 1.01805 0.922987 1.09163 1.14343 1.05 1.14642 1.20155 
0.332405 0.35259 0.299071 0.332405 0.30694 0.326685 0.365738 0.381476 0.475075 0.468107 1.03379 0.938725 1.10736 1.15917 1.06574 1.16216 1.21729 
0.426004 0.446189 0.39267 0.426004 0.400539 0.420285 0.459337 0.475075 0.568674 0.561706 1.12739 1.03232 1.20096 1.25277 1.15934 1.25576 1.31089 
0.419036 0.439221 0.385702 0.419036 0.393571 0.413316 0.452369 0.468107 0.561706 0.554738 1.12042 1.02536 1.194 1.2458 1.15237 1.24879 1.30392 
0.984721 1.00491 0.951388 0.984721 0.959257 0.979002 1.01805 1.03379 1.12739 1.12042 1.68611 1.59104 1.75968 1.81148 1.71805 1.81448 1.86961 
0.889654 0.909839 0.856321 0.889654 0.86419 0.883935 0.922987 0.938725 1.03232 1.02536 1.59104 1.49597 1.66461 1.71642 1.62299 1.71941 1.77454 
1.05829 1.07848 1.02496 1.05829 1.03283 1.05257 1.09163 1.10736 1.20096 1.194 1.75968 1.66461 1.83325 1.88506 1.79163 1.88805 1.94318 
1.1101 1.13028 1.07676 1.1101 1.08463 1.10438 1.14343 1.15917 1.25277 1.2458 1.81148 1.71642 1.88506 1.93686 1.84343 1.93985 1.99498 
1.01667 1.03685 0.983333 1.01667 0.991202 1.01095 1.05 1.06574 1.15934 1.15237 1.71805 1.62299 1.79163 1.84343 1.75 1.84642 1.90155 
1.11309 1.13327 1.07976 1.11309 1.08762 1.10737 1.14642 1.16216 1.25576 1.24879 1.81448 1.71941 1.88805 1.93985 1.84642 1.94284 1.99797 
1.16822 1.1884 1.13489 1.16822 1.14275 1.1625 1.20155 1.21729 1.31089 1.30392 1.86961 1.77454 1.94318 1.99498 1.90155 1.99797 2.0531 
6
0.283333 0.303518 0.25 0.283333 0.257869 0.277614 0.316667 0.332405 0.426004 0.419036 0.984721 0.889654 1.05829 1.1101 1.01667 1.11309 1.16822 
0.303518 0.323703 0.270185 0.303518 0.278054 0.297799 0.336852 0.35259 0.446189 0.439221 1.00491 0.909839 1.07848 1.13028 1.03685 1.13327 1.1884 
0.25 0.270185 0.216667 0.25 0.224536 0.244281 0.283333 0.299071 0.39267 0.385702 0.951388 0.856321 1.02496 1.07676 0.983333 1.07976 1.13489 
0.283333 0.303518 0.25 0.283333 0.257869 0.277614 0.316667 0.332405 0.426004 0.419036 0.984721 0.889654 1.05829 1.1101 1.01667 1.11309 1.16822 
0.257869 0.278054 0.224536 0.257869 0.232405 0.25215 0.291202 0.30694 0.400539 0.393571 0.959257 0.86419 1.03283 1.08463 0.991202 1.08762 1.14275 
0.277614 0.297799 0.244281 0.277614 0.25215 0.271895 0.310948 0.326685 0.420285 0.413316 0.979002 0.883935 1.05257 1.10438 1.01095 1.10737 1.1625 
0.316667 0.336852 0.283333 0.316667 0.291202 0.310948 0.35 0.365738 0.459337 0.452369 1.01805 0.922987 1.09163 1.14343 1.05 1.14642 1.20155 
0.332405 0.35259 0.299071 0.332405 0.30694 0.326685 0.365738 0.381476 0.475075 0.468107 1.03379 0.938725 1.10736 1.15917 1.06574 1.16216 1.21729 
0.426004 0.446189 0.39267 0.426004 0.400539 0.420285 0.459337 0.475075 0.568674 0.561706 1.12739 1.03232 1.20096 1.25277 1.15934 1.25576 1.31089 
0.419036 0.439221 0.385702 0.419036 0.393571 0.413316 0.452369 0.468107 0.561706 0.554738 1.12042 1.02536 1.194 1.2458 1.15237 1.24879 1.30392 
0.984721 1.00491 0.951388 0.984721 0.959257 0.979002 1.01805 1.03379 1.12739 1.12042 1.68611 1.59104 1.75968 1.81148 1.71805 1.81448 1.86961 
0.889654 0.909839 0.856321 0.889654 0.86419 0.883935 0.922987 0.938725 1.03232 1.02536 1.59104 1.49597 1.66461 1.71642 1.62299 1.71941 1.77454 
1.05829 1.07848 1.02496 1.05829 1.03283 1.05257 1.09163 1.10736 1.20096 1.194 1.75968 1.66461 1.83325 1.88506 1.79163 1.88805 1.94318 
1.1101 1.13028 1.07676 1.1101 1.08463 1.10438 1.14343 1.15917 1.25277 1.2458 1.81148 1.71642 1.88506 1.93686 1.84343 1.93985 1.99498 
1.01667 1.03685 0.983333 1.01667 0.991202 1.01095 1.05 1.06574 1.15934 1.15237 1.71805 1.62299 1.79163 1.84343 1.75 1.84642 1.90155 
1.11309 1.13327 1.07976 1.11309 1.08762 1.10737 1.14642 1.16216 1.25576 1.24879 1.81448 1.71941 1.88805 1.93985 1.84642 1.94284 1.99797 
1.16822 1.1884 1.13489 1.16822 1.14275 1.1625 1.20155 1.21729 1.31089 1.30392 1.86961 1.77454 1.94318 1.99498 1.90155 1.99797 2.0531 
7
0.283333 0.303518 0.25 0.283333 0.257869 0.277614 0.316667 0.332405 0.426004 0.419036 0.984721 0.889654 1.05829 1.1101 1.01667 1.11309 1.16822 
0.303518 0.323703 0.270185 0.303518 0.278054 0.297799 0.336852 0.35259 0.446189 0.439221 1.00491 0.909839 1.07848 1.13028 1.03685 1.13327 1.1884 
0.25 0.270185 0.216667 0.25 0.224536 0.244281 0.283333 0.299071 0.39267 0.385702 0.951388 0.856321 1.02496 1.07676 0.983333 1.07976 1.13489 
0.283333 0.303518 0.25 0.283333 0.257869 0.277614 0.316667 0.332405 0.426004 0.419036 0.984721 0.889654 1.05829 1.1101 1.01667 1.11309 1.16822 
0.257869 0.278054 0.224536 0.257869 0.232405 0.25215 0.291202 0.30694 0.400539 0.393571 0.959257 0.86419 1.03283 1.08463 0.991202 1.08762 1.14275 
0.277614 0.297799 0.244281 0.277614 0.25215 0.271895 0.310948 0.326685 0.420285 0.413316 0.979002 0.883935 1.05257 1.10438 1.01095 1.10737 1.1625 
0.316667 0.336852 0.283333 0.316667 0.291202 0.310948 0.35 0.365738 0.459337 0.452369 1.01805 0.922987 1.09163 1.14343 1.05 1.14642 1.20155 
0.332405 0.35259 0.299071 0.332405 0.30694 0.326685 0.365738 0.381476 0.475075 0.468107 1.03379 0.938725 1.10736 1.15917 1.06574 1.16216 1.21729 
0.426004 0.446189 0.39267 0.426004 0.400539 0.420285 0.459337 0.475075 0.568674 0.561706 1.12739 1.03232 1.20096 1.25277 1.15934 1.25576 1.31089 
0.419036 0.439221 0.385702 0.419036 0.393571 0.413316 0.452369 0.468107 0.561706 0.554738 1.12042 1.02536 1.194 1.2458 1.15237 1.24879 1.30392 
0.984721 1.00491 0.951388 0.984721 0.959257 0.979002 1.01805 1.03379 1.12739 1.12042 1.68611 1.59104 1.75968 1.81148 1.71805 1.81448 1.86961 
0.889654 0.909839 0.856321 0.889654 0.86419 0.883935 0.922987 0.938725 1.03232 1.02536 1.59104 1.49597 1.66461 1.71642 1.62299 1.71941 1.77454 
1.05829 1.07848 1.02496 1.05829 1.03283 1.05257 1.09163 1.10736 1.20096 1.194 1.75968 1.66461 1.83325 1.88506 1.79163 1.88805 1.94318 
1.1101 1.13028 1.07676 1.1101 1.08463 1.10438 1.14343 1.15917 1.25277 1.2458 1.81148 1.71642 1.88506 1.93686 1.84343 1.93985 1.99498 
1.01667 1.03685 0.983333 1.01667 0.991202 1.01095 1.05 1.06574 1.15934 1.15237 1.71805 1.62299 1.79163 1.84343 1.75 1.84642 1.90155 
1.11309 1.13327 1.07976 1.11309 1.08762 1.10737 1.14642 1.16216 1.25576 1.24879 1.81448 1.71941 1.88805 1.93985 1.84642 1.94284 1.99797 
1.16822 1.1884 1.13489 1.16822 1.14275 1.1625 1.20155 1.21729 1.31089 1.30392 1.86961 1.77454 1.94318 1.99498 1.90155 1.99797 2.0531 
8
0.283333 0.303518 0.25 0.283333 0.257869 0.277614 0.316667 0.332405 0.426004 0.419036 0.984721 0.889654 1.05829 1.1101 1.01667 1.11309 1.16822 
0.303518 0.323703 0.270185 0.303518 0.278054 0.297799 0.336852 0.35259 0.446189 0.439221 1.00491 0.909839 1.07848 1.13028 1.03685 1.13327 1.1884 
0.25 0.270185 0.216667 0.25 0.224536 0.244281 0.283333 0.299071 0.39267 0.385702 0.951388 0.856321 1.02496 1.07676 0.983333 1.07976 1.13489 
0.283333 0.303518 0.25 0.283333 0.257869 0.277614 0.316667 0.332405 0.426004 0.419036 0.984721 0.889654 1.05829 1.1101 1.01667 1.11309 1.16822 
0.257869 0.278054 0.224536 0.257869 0.232405 0.25215 0.291202 0.30694 0.400539 0.393571 0.959257 0.86419 1.03283 1.08463 0.991202 1.08762 1.14275 
0.277614 0.297799 0.244281 0.277614 0.25215 0.271895 0.310948 0.326685 0.420285 0.413316 0.979002 0.883935 1.05257 1.10438 1.01095 1.10737 1.1625 
0.316667 0.336852 0.283333 0.316667 0.291202 0.310948 0.35 0.365738 0.459337 0.452369 1.01805 0.922987 1.09163 1.14343 1.05 1.14642 1.20155 
0.332405 0.35259 0.299071 0.332405 0.30694 0.326685 0.365738 0.381476 0.475075 0.468107 1.03379 0.938725 1.10736 1.15917 1.06574 1.16216 1.21729 
0.426004 0.446189 0.39267 0.426004 0.400539 0.420285 0.459337 0.475075 0.568674 0.561706 1.12739 1.03232 1.20096 1.25277 1.15934 1.25576 1.31089 
0.419036 0.439221 0.385702 0.419036 0.393571 0.413316 0.452369 0.468107 0.561706 0.554738 1.12042 1.02536 1.194 1.2458 1.15237 1.24879 1.30392 
0.984721 1.00491 0.951388 0.984721 0.959257 0.979002 1.01805 1.03379 1.12739 1.12042 1.68611 1.59104 1.75968 1.81148 1.71805 1.81448 1.86961 
0.889654 0.909839 0.856321 0.889654 0.86419 0.883935 0.922987 0.938725 1.03232 1.02536 1.59104 1.49597 1.66461 1.71642 1.62299 1.71941 1.77454 
1.05829 1.07848 1.02496 1.05829 1.03283 1.05257 1.09163 1.10736 1.20096 1.194 1.75968 1.66461 1.83325 1.88506 1.79163 1.88805 1.94318 
1.1101 1.13028 1.07676 1.1101 1.08463 1.10438 1.14343 1.15917 1.25277 1.2458 1.81148 1.71642 1.88506 1.93686 1.84343 1.93985 1.99498 
1.01667 1.03685 0.983333 1.01667 0.991202 1.01095 1.05 1.06574 1.15934 1.15237 1.71805 1.62299 1.79163 1.84343 1.75 1.84642 1.90155 
1.11309 1.13327 1.07976 1.11309 1.08762 1.10737 1.14642 1.16216 1.25576 1.24879 1.81448 1.71941 1.88805 1.93985 1.84642 1.94284 1.99797 
1.16822 1.1884 1.13489 1.16822 1.14275 1.1625 1.20155 1.21729 1.31089 1.30392 1.86961 1.77454 1.94318 1.99498 1.90155 1.99797 2.0531 
9
0.283333 0.303518 0.25 0.283333 0.257869 0.277614 0.316667 0.332405 0.426004 0.419036 0.984721 0.889654 1.05829 1.1101 1.01667 1.11309 1.16822 
0.303518 0.323703 0.270185 0.303518 0.278054 0.297799 0.336852 0.35259 0.446189 0.439221 1.00491 0.909839 1.07848 1.13028 1.03685 1.13327 1.1884 
0.25 0.270185 0.216667 0.25 0.224536 0.244281 0.283333 0.299071 0.39267 0.385702 0.951388 0.856321 1.02496 1.07676 0.983333 1.07976 1.13489 
0.283333 0.303518 0.25 0.283333 0.257869 0.277614 0.316667 0.332405 0.426004 0.419036 0.984721 0.889654 1.05829 1.1101 1.01667 1.11309 1.16822 
0.257869 0.278054 0.224536 0.257869 0.232405 0.25215 0.291202 0.30694 0.400539 0.393571 0.959257 0.86419 1.03283 1.08463 0.991202 1.08762 1.14275 
0.277614 0.297799 0.244281 0.277614 0.25215 0.271895 0.310948 0.326685 0.420285 0.413316 0.979002 0.883935 1.05257 1.10438 1.01095 1.10737 1.1625 
0.316667 0.336852 0.283333 0.316667 0.291202 0.310948 0.35 0.365738 0.459337 0.452369 1.01805 0.922987 1.09163 1.14343 1.05 1.14642 1.20155 
0.332405 0.35259 0.299071 0.332405 0.30694 0.326685 0.365738 0.381476 0.475075 0.468107 1.03379 0.938725 1.10736 1.15917 1.06574 1.16216 1.21729 
0.426004 0.446189 0.39267 0.426004 0.400539 0.420285 0.459337 0.475075 0.568674 0.561706 1.12739 1.03232 1.20096 1.25277 1.15934 1.25576 1.31089 
0.419036 0.439221 0.385702 0.419036 0.393571 0.413316 0.452369 0.468107 0.561706 0.554738 1.12042 1.02536 1.194 1.2458 1.15237 1.24879 1.30392 
0.984721 1.00491 0.951388 0.984721 0.959257 0.979002 1.01805 1.03379 1.12739 1.12042 1.68611 1.59104 1.75968 1.81148 1.71805 1.81448 1.86961 
0.889654 0.909839 0.856321 0.889654 0.86419 0.883935 0.922987 0.938725 1.03232 1.02536 1.59104 1.49597 1.66461 1.71642 1.62299 1.71941 1.77454 
1.05829 1.07848 1.02496 1.05829 1.03283 1.05257 1.09163 1.10736 1.20096 1.194 1.75968 1.66461 1.83325 1.88506 1.79163 1.88805 1.94318 
1.1101 1.13028 1.07676 1.1101 1.08463 1.10438 1.14343 1.15917 1.25277 1.2458 1.81148 1.71642 1.88506 1.93686 1.84343 1.93985 1.99498 
1.01667 1.03685 0.983333 1.01667 0.991202 1.01095 1.05 1.06574 1.15934 1.15237 1.71805 1.62299 1.79163 1.84343 1.75 1.84642 1.90155 
1.11309 1.13327 1.07976 1.11309 1.08762 1.10737 1.14642 1.16216 1.25576 1.24879 1.81448 1.71941 1.88805 1.93985 1.84642 1.94284 1.99797 
1.16822 1.1884 1.13489 1.16822 1.14275 1.1625 1.20155 1.21729 1.31089 1.30392 1.86961 1.77454 1.94318 1.99498 1.90155 1.99797 2.0531 
10
0.283333 0.303518 0.25 0.283333 0.257869 0.277614 0.316667 0.332405 0.426004 0.419036 0.984721 0.889654 1.05829 1.1101 1.01667 1.11309 1.16822 
0.303518 0.323703 0.270185 0.303518 0.278054 0.297799 0.336852 0.35259 0.446189 0.439221 1.00491 0.909839 1.07848 1.13028 1.03685 1.13327 1.1884 
0.25 0.270185 0.216667 0.25 0.224536 0.244281 0.283333 0.299071 0.39267 0.385702 0.951388 0.856321 1.02496 1.07676 0.983333 1.07976 1.13489 
0.283333 0.303518 0.25 0.283333 0.257869 0.277614 0.316667 0.332405 0.426004 0.419036 0.984721 0.889654 1.05829 1.1101 1.01667 1.11309 1.16822 
0.257869 0.278054 0.224536 0.257869 0.232405 0.25215 0.291202 0.30694 0.400539 0.393571 0.959257 0.86419 1.03283 1.08463 0.991202 1.08762 1.14275 
0.277614 0.297799 0.244281 0.277614 0.25215 0.271895 0.310948 0.326685 0.420285 0.413316 0.979002 0.883935 1.05257 1.10438 1.01095 1.10737 1.1625 
0.316667 0.336852 0.283333 0.316667 0.291202 0.310948 0.35 0.365738 0.459337 0.452369 1.01805 0.922987 1.09163 1.14343 1.05 1.14642 1.20155 
0.332405 0.35259 0.299071 0.332405 0.30694 0.326685 0.365738 0.381476 0.475075 0.468107 1.03379 0.938725 1.10736 1.15917 1.06574 1.16216 1.21729 
0.426004 0.446189 0.39267 0.426004 0.400539 0.420285 0.459337 0.475075 0.568674 0.561706 1.12739 1.03232 1.20096 1.25277 1.15934 1.25576 1.31089 
0.419036 0.439221 0.385702 0.419036 0.393571 0.413316 0.452369 0.468107 0.561706 0.554738 1.12042 1.02536 1.194 1.2458 1.15237 1.24879 1.30392 
0.984721 1.00491 0.951388 0.984721 0.959257 0.979002 1.01805 1.03379 1.12739 1.12042 1.68611 1.59104 1.75968 1.81148 1.71805 1.81448 1.86961 
0.889654 0.909839 0.856321 0.889654 0.86419 0.883935 0.922987 0.938725 1.03232 1.02536 1.59104 1.49597 1.66461 1.71642 1.62299 1.71941 1.77454 
1.05829 1.07848 1.02496 1.05829 1.03283 1.05257 1.09163 1.10736 1.20096 1.194 1.75968 1.66461 1.83325 1.88506 1.79163 1.88805 1.94318 
1.1101 1.13028 1.07676 1.1101 1.08463 1.10438 1.14343 1.15917 1.25277 1.2458 1.81148 1.71642 1.88506 1.93686 1.84343 1.93985 1.99498 
1.01667 1.03685 0.983333 1.01667 0.991202 1.01095 1.05 1.06574 1.15934 1.15237 1.71805 1.62299 1.79163 1.84343 1.75 1.84642 1.90155 
1.11309 1.13327 1.07976 1.11309 1.08762 1.10737 1.14642 1.16216 1.25576 1.24879 1.81448 1.71941 1.88805 1.93985 1.84642 1.94284 1.99797 
1.16822 1.1884 1.13489 1.16822 1.14275 1.1625 1.20155 1.21729 1.31089 1.30392 1.86961 1.77454 1.94318 1.99498 1.90155 1.99797 2.0531 
11
1.93206 1.90522 1.87692 1.89526 1.76854 1.82147 1.72881 1.69407 1.69164 1.62773 1.2434 1.1872 1.1872 1.17436 1.1872 1.2434 1.17436 
1.90522 1.87839 1.85009 1.86843 1.74171 1.79463 1.70197 1.66724 1.6648 1.6009 1.21656 1.16037 1.16037 1.14753 1.16037 1.21656 1.14753 
1.87692 1.85009 1.82179 1.84013 1.71341 1.76633 1.67367 1.63894 1.6365 1.5726 1.18826 1.13207 1.13207 1.11923 1.13207 1.18826 1.11923 
1.89526 1.86843 1.84013 1.85847 1.73175 1.78467 1.69201 1.65728 1.65484 1.59094 1.2066 1.15041 1.15041 1.13757 1.15041 1.2066 1.13757 
1.76854 1.74171 1.71341 1.73175 1.60503 1.65795 1.56529 1.53056 1.52812 1.46422 1.07988 1.02369 1.02369 1.01085 1.02369 1.07988 1.01085 
1.82147 1.79463 1.76633 1.78467 1.65795 1.71087 1.61821 1.58348 1.58105 1.51714 1.13281 1.07661 1.07661 1.06377 1.07661 1.13281 1.06377 
1.72881 1.70197 1.67367 1.69201 1.56529 1.61821 1.52555 1.49082 1.48839 1.42448 1.04015 0.983949 0.983949 0.97111 0.983949 1.04015 0.97111 
1.69407 1.66724 1.63894 1.65728 1.53056 1.58348 1.49082 1.45608 1.45365 1.38974 1.00541 0.949214 0.949214 0.936375 0.949214 1.00541 0.936375 
1.69164 1.6648 1.6365 1.65484 1.52812 1.58105 1.48839 1.45365 1.45122 1.38731 1.00298 0.946782 0.946782 0.933943 0.946782 1.00298 0.933943 
1.62773 1.6009 1.5726 1.59094 1.46422 1.51714 1.42448 1.38974 1.38731 1.32341 0.939071 0.882875 0.882875 0.870036 0.882875 0.939071 0.870036 
1.2434 1.21656 1.18826 1.2066 1.07988 1.13281 1.04015 1.00541 1.00298 0.939071 0.554738 0.498541 0.498541 0.485702 0.498541 0.554738 0.485702 
1.1872 1.16037 1.13207 1.15041 1.02369 1.07661 0.983949 0.949214 0.946782 0.882875 0.498541 0.442344 0.442344 0.429505 0.442344 0.498541 0.429505 
1.1872 1.16037 1.13207 1.15041 1.02369 1.07661 0.983949 0.949214 0.946782 0.882875 0.498541 0.442344 0.442344 0.429505 0.442344 0.498541 0.429505 
1.17436 1.14753 1.11923 1.13757 1.01085 1.06377 0.97111 0.936375 0.933943 0.870036 0.485702 0.429505 0.429505 0.416667 0.429505 0.485702 0.416667 
1.1872 1.16037 1.13207 1.15041 1.02369 1.07661 0.983949 0.949214 0.946782 0.882875 0.498541 0.442344 0.442344 0.429505 0.442344 0.498541 0.429505 
1.2434 1.21656 1.18826 1.2066 1.07988 1.13281 1.04015 1.00541 1.00298 0.939071 0.554738 0.498541 0.498541 0.485702 0.498541 0.554738 0.485702 
1.17436 1.14753 1.11923 1.13757 1.01085 1.06377 0.97111 0.936375 0.933943 0.870036 0.485702 0.429505 0.429505 0.416667 0.429505 0.485702 0.416667 
12
1.93206 1.90522 1.87692 1.89526 1.76854 1.82147 1.72881 1.69407 1.69164 1.62773 1.2434 1.1872 1.1872 1.17436 1.1872 1.2434 1.17436 
1.90522 1.87839 1.85009 1.86843 1.74171 1.79463 1.70197 1.66724 1.6648 1.6009 1.21656 1.16037 1.16037 1.14753 1.16037 1.21656 1.14753 
