Cx
3
22
30
30
10 1 2 3 4 5 6 7 8 9 10
10 11 12 13 14 15 16 17 18 19 20
10 21 22 23 24 25 26 27 28 29 30
3 1 2 3
5 1 2 3 4 5
4 1 2 3 4
2 1 2
4 1 2 3 4
1 1
1 1
2 1 2
5 1 2 3 4 5
4 1 2 3 4
3 1 2 3
2 1 2
5 1 2 3 4 5
1 1
1 1
4 1 2 3 4
3 1 2 3
1 1
4 1 2 3 4
3 1 2 3
4 1 2 3 4
4 1 2 3 4
0.1 0.120185 0.0666667 0.1 0.0745356 0.0942809 0.133333 0.149071 0.24267 0.235702 0.801388 0.706321 0.87496 0.926763 0.833333 0.929755 0.984886 0.72111 0.666667 0.636832 0.825295 0.778175 
0.924362 0.897527 0.869227 0.887568 0.760847 0.81377 0.72111 0.686375 0.683943 0.620036 0.235702 0.179505 0.179505 0.166667 0.179505 0.235702 0.166667 1.05409 0.991071 0.87496 1.01379 0.948098 
0.778175 0.825295 0.659966 0.636832 0.693622 0.614636 0.628932 0.686375 0.521749 0.612826 1.10454 0.792324 1.11803 1.13186 0.835996 0.880656 1.02902 0.0942809 0.0666667 0.1 0.120185 0.1 
0.1 0.924362 0.778175 
0.120185 0.897527 0.825295 
0.0666667 0.869227 0.659966 
0.1 0.887568 0.636832 
0.0745356 0.760847 0.693622 
0.0942809 0.81377 0.614636 
0.133333 0.72111 0.628932 
0.149071 0.686375 0.686375 
0.24267 0.683943 0.521749 
0.235702 0.620036 0.612826 
0.801388 0.235702 1.10454 
0.706321 0.179505 0.792324 
0.87496 0.179505 1.11803 
0.926763 0.166667 1.13186 
0.833333 0.179505 0.835996 
0.929755 0.235702 0.880656 
0.984886 0.166667 1.02902 
0.72111 1.05409 0.0942809 
0.666667 0.991071 0.0666667 
0.636832 0.87496 0.1 
0.825295 1.01379 0.120185 
0.778175 0.948098 0.1 
1
3 0.166667 0.166667 0.166667
5 0.166667 0.166667 0.166667 0.166667 0.166667
4 0.166667 0.166667 0.166667 0.166667
2 0.166667 0.166667
4 0.166667 0.166667 0.166667 0.166667
1 0.166667
1 0.166667
2 0.166667 0.166667
5 0.166667 0.166667 0.166667 0.166667 0.166667
4 0.166667 0.166667 0.166667 0.166667
3 0.166667 0.166667 0.166667
2 0.166667 0.166667
5 0.166667 0.166667 0.166667 0.166667 0.166667
1 0.166667
1 0.166667
4 0.166667 0.166667 0.166667 0.166667
3 0.166667 0.166667 0.166667
1 0.166667
4 0.166667 0.166667 0.166667 0.166667
3 0.166667 0.166667 0.166667
4 0.166667 0.166667 0.166667 0.166667
4 0.166667 0.166667 0.166667 0.166667
2
3 0.166667 0.166667 0.166667
5 0.166667 0.166667 0.166667 0.166667 0.166667
4 0.166667 0.166667 0.166667 0.166667
2 0.166667 0.166667
4 0.166667 0.166667 0.166667 0.166667
1 0.166667
1 0.166667
2 0.166667 0.166667
5 0.166667 0.166667 0.166667 0.166667 0.166667
4 0.166667 0.166667 0.166667 0.166667
3 0.166667 0.166667 0.166667
2 0.166667 0.166667
5 0.166667 0.166667 0.166667 0.166667 0.166667
1 0.166667
1 0.166667
4 0.166667 0.166667 0.166667 0.166667
3 0.166667 0.166667 0.166667
1 0.166667
4 0.166667 0.166667 0.166667 0.166667
3 0.166667 0.166667 0.166667
4 0.166667 0.166667 0.166667 0.166667
4 0.166667 0.166667 0.166667 0.166667
3
3 0.166667 0.166667 0.166667
5 0.166667 0.166667 0.166667 0.166667 0.166667
4 0.166667 0.166667 0.166667 0.166667
2 0.166667 0.166667
4 0.166667 0.166667 0.166667 0.166667
1 0.166667
1 0.166667
2 0.166667 0.166667
5 0.166667 0.166667 0.166667 0.166667 0.166667
4 0.166667 0.166667 0.166667 0.166667
3 0.166667 0.166667 0.166667
2 0.166667 0.166667
5 0.166667 0.166667 0.166667 0.166667 0.166667
1 0.166667
1 0.166667
4 0.166667 0.166667 0.166667 0.166667
3 0.166667 0.166667 0.166667
1 0.166667
4 0.166667 0.166667 0.166667 0.166667
3 0.166667 0.166667 0.166667
4 0.166667 0.166667 0.166667 0.166667
4 0.166667 0.166667 0.166667 0.166667
4
3 0.166667 0.166667 0.166667
5 0.166667 0.166667 0.166667 0.166667 0.166667
4 0.166667 0.166667 0.166667 0.166667
2 0.166667 0.166667
4 0.166667 0.166667 0.166667 0.166667
1 0.166667
1 0.166667
2 0.166667 0.166667
5 0.166667 0.166667 0.166667 0.166667 0.166667
4 0.166667 0.166667 0.166667 0.166667
3 0.166667 0.166667 0.166667
2 0.166667 0.166667
5 0.166667 0.166667 0.166667 0.166667 0.166667
1 0.166667
1 0.166667
4 0.166667 0.166667 0.166667 0.166667
3 0.166667 0.166667 0.166667
1 0.166667
4 0.166667 0.166667 0.166667 0.166667
3 0.166667 0.166667 0.166667
4 0.166667 0.166667 0.166667 0.166667
4 0.166667 0.166667 0.166667 0.166667
5
3 0.166667 0.166667 0.166667
5 0.166667 0.166667 0.166667 0.166667 0.166667
4 0.166667 0.166667 0.166667 0.166667
2 0.166667 0.166667
4 0.166667 0.166667 0.166667 0.166667
1 0.166667
1 0.166667
2 0.166667 0.166667
5 0.166667 0.166667 0.166667 0.166667 0.166667
4 0.166667 0.166667 0.166667 0.166667
3 0.166667 0.166667 0.166667
2 0.166667 0.166667
5 0.166667 0.166667 0.166667 0.166667 0.166667
1 0.166667
1 0.166667
4 0.166667 0.166667 0.166667 0.166667
3 0.166667 0.166667 0.166667
1 0.166667
4 0.166667 0.166667 0.166667 0.166667
3 0.166667 0.166667 0.166667
4 0.166667 0.166667 0.166667 0.166667
4 0.166667 0.166667 0.166667 0.166667
6
3 0.166667 0.166667 0.166667
5 0.166667 0.166667 0.166667 0.166667 0.166667
4 0.166667 0.166667 0.166667 0.166667
2 0.166667 0.166667
4 0.166667 0.166667 0.166667 0.166667
1 0.166667
1 0.166667
2 0.166667 0.166667
5 0.166667 0.166667 0.166667 0.166667 0.166667
4 0.166667 0.166667 0.166667 0.166667
3 0.166667 0.166667 0.166667
2 0.166667 0.166667
5 0.166667 0.166667 0.166667 0.166667 0.166667
1 0.166667
1 0.166667
4 0.166667 0.166667 0.166667 0.166667
3 0.166667 0.166667 0.166667
1 0.166667
4 0.166667 0.166667 0.166667 0.166667
3 0.166667 0.166667 0.166667
4 0.166667 0.166667 0.166667 0.166667
4 0.166667 0.166667 0.166667 0.166667
7
3 0.166667 0.166667 0.166667
5 0.166667 0.166667 0.166667 0.166667 0.166667
4 0.166667 0.166667 0.166667 0.166667
2 0.166667 0.166667
4 0.166667 0.166667 0.166667 0.166667
1 0.166667
1 0.166667
2 0.166667 0.166667
5 0.166667 0.166667 0.166667 0.166667 0.166667
4 0.166667 0.166667 0.166667 0.166667
3 0.166667 0.166667 0.166667
2 0.166667 0.166667
5 0.166667 0.166667 0.166667 0.166667 0.166667
1 0.166667
1 0.166667
4 0.166667 0.166667 0.166667 0.166667
3 0.166667 0.166667 0.166667
1 0.166667
4 0.166667 0.166667 0.166667 0.166667
3 0.166667 0.166667 0.166667
4 0.166667 0.166667 0.166667 0.166667
4 0.166667 0.166667 0.166667 0.166667
8
3 0.166667 0.166667 0.166667
5 0.166667 0.166667 0.166667 0.166667 0.166667
4 0.166667 0.166667 0.166667 0.166667
2 0.166667 0.166667
4 0.166667 0.166667 0.166667 0.166667
1 0.166667
1 0.166667
2 0.166667 0.166667
5 0.166667 0.166667 0.166667 0.166667 0.166667
4 0.166667 0.166667 0.166667 0.166667
3 0.166667 0.166667 0.166667
2 0.166667 0.166667
5 0.166667 0.166667 0.166667 0.166667 0.166667
1 0.166667
1 0.166667
4 0.166667 0.166667 0.166667 0.166667
3 0.166667 0.166667 0.166667
1 0.166667
4 0.166667 0.166667 0.166667 0.166667
3 0.166667 0.166667 0.166667
4 0.166667 0.166667 0.166667 0.166667
4 0.166667 0.166667 0.166667 0.166667
9
3 0.166667 0.166667 0.166667
5 0.166667 0.166667 0.166667 0.166667 0.166667
4 0.166667 0.166667 0.166667 0.166667
2 0.166667 0.166667
4 0.166667 0.166667 0.166667 0.166667
1 0.166667
1 0.166667
2 0.166667 0.166667
5 0.166667 0.166667 0.166667 0.166667 0.166667
4 0.166667 0.166667 0.166667 0.166667
3 0.166667 0.166667 0.166667
2 0.166667 0.166667
5 0.166667 0.166667 0.166667 0.166667 0.166667
1 0.166667
1 0.166667
4 0.166667 0.166667 0.166667 0.166667
3 0.166667 0.166667 0.166667
1 0.166667
4 0.166667 0.166667 0.166667 0.166667
3 0.166667 0.166667 0.166667
4 0.166667 0.166667 0.166667 0.166667
4 0.166667 0.166667 0.166667 0.166667
10
3 0.166667 0.166667 0.166667
5 0.166667 0.166667 0.166667 0.166667 0.166667
4 0.166667 0.166667 0.166667 0.166667
2 0.166667 0.166667
4 0.166667 0.166667 0.166667 0.166667
1 0.166667
1 0.166667
2 0.166667 0.166667
5 0.166667 0.166667 0.166667 0.166667 0.166667
4 0.166667 0.166667 0.166667 0.166667
3 0.166667 0.166667 0.166667
2 0.166667 0.166667
5 0.166667 0.166667 0.166667 0.166667 0.166667
1 0.166667
1 0.166667
4 0.166667 0.166667 0.166667 0.166667
3 0.166667 0.166667 0.166667
1 0.166667
4 0.166667 0.166667 0.166667 0.166667
3 0.166667 0.166667 0.166667
4 0.166667 0.166667 0.166667 0.166667
4 0.166667 0.166667 0.166667 0.166667
11
3 0.166667 0.166667 0.166667
5 0.166667 0.166667 0.166667 0.166667 0.166667
4 0.166667 0.166667 0.166667 0.166667
2 0.166667 0.166667
4 0.166667 0.166667 0.166667 0.166667
1 0.166667
1 0.166667
2 0.166667 0.166667
5 0.166667 0.166667 0.166667 0.166667 0.166667
4 0.166667 0.166667 0.166667 0.166667
3 0.166667 0.166667 0.166667
2 0.166667 0.166667
5 0.166667 0.166667 0.166667 0.166667 0.166667
1 0.166667
1 0.166667
4 0.166667 0.166667 0.166667 0.166667
3 0.166667 0.166667 0.166667
1 0.166667
4 0.166667 0.166667 0.166667 0.166667
3 0.166667 0.166667 0.166667
4 0.166667 0.166667 0.166667 0.166667
4 0.166667 0.166667 0.166667 0.166667
12
3 0.166667 0.166667 0.166667
5 0.166667 0.166667 0.166667 0.166667 0.166667
4 0.166667 0.166667 0.166667 0.166667
2 0.166667 0.166667
4 0.166667 0.166667 0.166667 0.166667
1 0.166667
1 0.166667
2 0.166667 0.166667
5 0.166667 0.166667 0.166667 0.166667 0.166667
4 0.166667 0.166667 0.166667 0.166667
3 0.166667 0.166667 0.166667
2 0.166667 0.166667
5 0.166667 0.166667 0.166667 0.166667 0.166667
1 0.166667
1 0.166667
4 0.166667 0.166667 0.166667 0.166667
3 0.166667 0.166667 0.166667
1 0.166667
4 0.166667 0.166667 0.166667 0.166667
3 0.166667 0.166667 0.166667
4 0.166667 0.166667 0.166667 0.166667
4 0.166667 0.166667 0.166667 0.166667
13
3 0.166667 0.166667 0.166667
5 0.166667 0.166667 0.166667 0.166667 0.166667
4 0.166667 0.166667 0.166667 0.166667
2 0.166667 0.166667
4 0.166667 0.166667 0.166667 0.166667
1 0.166667
1 0.166667
2 0.166667 0.166667
5 0.166667 0.166667 0.166667 0.166667 0.166667
4 0.166667 0.166667 0.166667 0.166667
3 0.166667 0.166667 0.166667
2 0.166667 0.166667
5 0.166667 0.166667 0.166667 0.166667 0.166667
1 0.166667
1 0.166667
4 0.166667 0.166667 0.166667 0.166667
3 0.166667 0.166667 0.166667
1 0.166667
4 0.166667 0.166667 0.166667 0.166667
3 0.166667 0.166667 0.166667
4 0.166667 0.166667 0.166667 0.166667
4 0.166667 0.166667 0.166667 0.166667
14
3 0.166667 0.166667 0.166667
5 0.166667 0.166667 0.166667 0.166667 0.166667
4 0.166667 0.166667 0.166667 0.166667
2 0.166667 0.166667
4 0.166667 0.166667 0.166667 0.166667
1 0.166667
1 0.166667
2 0.166667 0.166667
5 0.166667 0.166667 0.166667 0.166667 0.166667
4 0.166667 0.166667 0.166667 0.166667
3 0.166667 0.166667 0.166667
2 0.166667 0.166667
5 0.166667 0.166667 0.166667 0.166667 0.166667
1 0.166667
1 0.166667
4 0.166667 0.166667 0.166667 0.166667
3 0.166667 0.166667 0.166667
1 0.166667
4 0.166667 0.166667 0.166667 0.166667
3 0.166667 0.166667 0.166667
4 0.166667 0.166667 0.166667 0.166667
4 0.166667 0.166667 0.166667 0.166667
15
3 0.166667 0.166667 0.166667
5 0.166667 0.166667 0.166667 0.166667 0.166667
4 0.166667 0.166667 0.166667 0.166667
2 0.166667 0.166667
4 0.166667 0.166667 0.166667 0.166667
1 0.166667
1 0.166667
2 0.166667 0.166667
5 0.166667 0.166667 0.166667 0.166667 0.166667
4 0.166667 0.166667 0.166667 0.166667
3 0.166667 0.166667 0.166667
2 0.166667 0.166667
5 0.166667 0.166667 0.166667 0.166667 0.166667
1 0.166667
1 0.166667
4 0.166667 0.166667 0.166667 0.166667
3 0.166667 0.166667 0.166667
1 0.166667
4 0.166667 0.166667 0.166667 0.166667
3 0.166667 0.166667 0.166667
4 0.166667 0.166667 0.166667 0.166667
4 0.166667 0.166667 0.166667 0.166667
16
3 0.166667 0.166667 0.166667
5 0.166667 0.166667 0.166667 0.166667 0.166667
4 0.166667 0.166667 0.166667 0.166667
2 0.166667 0.166667
4 0.166667 0.166667 0.166667 0.166667
1 0.166667
1 0.166667
2 0.166667 0.166667
5 0.166667 0.166667 0.166667 0.166667 0.166667
4 0.166667 0.166667 0.166667 0.166667
3 0.166667 0.166667 0.166667
2 0.166667 0.166667
5 0.166667 0.166667 0.166667 0.166667 0.166667
1 0.166667
1 0.166667
4 0.166667 0.166667 0.166667 0.166667
3 0.166667 0.166667 0.166667
1 0.166667
4 0.166667 0.166667 0.166667 0.166667
3 0.166667 0.166667 0.166667
4 0.166667 0.166667 0.166667 0.166667
4 0.166667 0.166667 0.166667 0.166667
17
3 0.166667 0.166667 0.166667
5 0.166667 0.166667 0.166667 0.166667 0.166667
4 0.166667 0.166667 0.166667 0.166667
2 0.166667 0.166667
4 0.166667 0.166667 0.166667 0.166667
1 0.166667
1 0.166667
2 0.166667 0.166667
5 0.166667 0.166667 0.166667 0.166667 0.166667
4 0.166667 0.166667 0.166667 0.166667
3 0.166667 0.166667 0.166667
2 0.166667 0.166667
5 0.166667 0.166667 0.166667 0.166667 0.166667
1 0.166667
1 0.166667
4 0.166667 0.166667 0.166667 0.166667
3 0.166667 0.166667 0.166667
1 0.166667
4 0.166667 0.166667 0.166667 0.166667
3 0.166667 0.166667 0.166667
4 0.166667 0.166667 0.166667 0.166667
4 0.166667 0.166667 0.166667 0.166667
18
3 0.166667 0.166667 0.166667
5 0.166667 0.166667 0.166667 0.166667 0.166667
4 0.166667 0.166667 0.166667 0.166667
2 0.166667 0.166667
4 0.166667 0.166667 0.166667 0.166667
1 0.166667
1 0.166667
2 0.166667 0.166667
5 0.166667 0.166667 0.166667 0.166667 0.166667
4 0.166667 0.166667 0.166667 0.166667
3 0.166667 0.166667 0.166667
2 0.166667 0.166667
5 0.166667 0.166667 0.166667 0.166667 0.166667
1 0.166667
1 0.166667
4 0.166667 0.166667 0.166667 0.166667
3 0.166667 0.166667 0.166667
1 0.166667
4 0.166667 0.166667 0.166667 0.166667
3 0.166667 0.166667 0.166667
4 0.166667 0.166667 0.166667 0.166667
4 0.166667 0.166667 0.166667 0.166667
19
3 0.166667 0.166667 0.166667
5 0.166667 0.166667 0.166667 0.166667 0.166667
4 0.166667 0.166667 0.166667 0.166667
2 0.166667 0.166667
4 0.166667 0.166667 0.166667 0.166667
1 0.166667
1 0.166667
2 0.166667 0.166667
5 0.166667 0.166667 0.166667 0.166667 0.166667
4 0.166667 0.166667 0.166667 0.166667
3 0.166667 0.166667 0.166667
2 0.166667 0.166667
5 0.166667 0.166667 0.166667 0.166667 0.166667
1 0.166667
1 0.166667
4 0.166667 0.166667 0.166667 0.166667
3 0.166667 0.166667 0.166667
1 0.166667
4 0.166667 0.166667 0.166667 0.166667
3 0.166667 0.166667 0.166667
4 0.166667 0.166667 0.166667 0.166667
4 0.166667 0.166667 0.166667 0.166667
20
3 0.166667 0.166667 0.166667
5 0.166667 0.166667 0.166667 0.166667 0.166667
4 0.166667 0.166667 0.166667 0.166667
2 0.166667 0.166667
4 0.166667 0.166667 0.166667 0.166667
1 0.166667
1 0.166667
2 0.166667 0.166667
5 0.166667 0.166667 0.166667 0.166667 0.166667
4 0.166667 0.166667 0.166667 0.166667
3 0.166667 0.166667 0.166667
2 0.166667 0.166667
5 0.166667 0.166667 0.166667 0.166667 0.166667
1 0.166667
1 0.166667
4 0.166667 0.166667 0.166667 0.166667
3 0.166667 0.166667 0.166667
1 0.166667
4 0.166667 0.166667 0.166667 0.166667
3 0.166667 0.166667 0.166667
4 0.166667 0.166667 0.166667 0.166667
4 0.166667 0.166667 0.166667 0.166667
21
3 0.166667 0.166667 0.166667
5 0.166667 0.166667 0.166667 0.166667 0.166667
4 0.166667 0.166667 0.166667 0.166667
2 0.166667 0.166667
4 0.166667 0.166667 0.166667 0.166667
1 0.166667
1 0.166667
2 0.166667 0.166667
5 0.166667 0.166667 0.166667 0.166667 0.166667
4 0.166667 0.166667 0.166667 0.166667
3 0.166667 0.166667 0.166667
2 0.166667 0.166667
5 0.166667 0.166667 0.166667 0.166667 0.166667
1 0.166667
1 0.166667
4 0.166667 0.166667 0.166667 0.166667
3 0.166667 0.166667 0.166667
1 0.166667
4 0.166667 0.166667 0.166667 0.166667
3 0.166667 0.166667 0.166667
4 0.166667 0.166667 0.166667 0.166667
4 0.166667 0.166667 0.166667 0.166667
22
3 0.166667 0.166667 0.166667
5 0.166667 0.166667 0.166667 0.166667 0.166667
4 0.166667 0.166667 0.166667 0.166667
2 0.166667 0.166667
4 0.166667 0.166667 0.166667 0.166667
1 0.166667
1 0.166667
2 0.166667 0.166667
5 0.166667 0.166667 0.166667 0.166667 0.166667
4 0.166667 0.166667 0.166667 0.166667
3 0.166667 0.166667 0.166667
2 0.166667 0.166667
5 0.166667 0.166667 0.166667 0.166667 0.166667
1 0.166667
1 0.166667
4 0.166667 0.166667 0.166667 0.166667
3 0.166667 0.166667 0.166667
1 0.166667
4 0.166667 0.166667 0.166667 0.166667
3 0.166667 0.166667 0.166667
4 0.166667 0.166667 0.166667 0.166667
4 0.166667 0.166667 0.166667 0.166667
23
3 0.166667 0.166667 0.166667
5 0.166667 0.166667 0.166667 0.166667 0.166667
4 0.166667 0.166667 0.166667 0.166667
2 0.166667 0.166667
4 0.166667 0.166667 0.166667 0.166667
1 0.166667
1 0.166667
2 0.166667 0.166667
5 0.166667 0.166667 0.166667 0.166667 0.166667
4 0.166667 0.166667 0.166667 0.166667
3 0.166667 0.166667 0.166667
2 0.166667 0.166667
5 0.166667 0.166667 0.166667 0.166667 0.166667
1 0.166667
1 0.166667
4 0.166667 0.166667 0.166667 0.166667
3 0.166667 0.166667 0.166667
1 0.166667
4 0.166667 0.166667 0.166667 0.166667
3 0.166667 0.166667 0.166667
4 0.166667 0.166667 0.166667 0.166667
4 0.166667 0.166667 0.166667 0.166667
24
3 0.166667 0.166667 0.166667
5 0.166667 0.166667 0.166667 0.166667 0.166667
4 0.166667 0.166667 0.166667 0.166667
2 0.166667 0.166667
4 0.166667 0.166667 0.166667 0.166667
1 0.166667
1 0.166667
2 0.166667 0.166667
5 0.166667 0.166667 0.166667 0.166667 0.166667
4 0.166667 0.166667 0.166667 0.166667
3 0.166667 0.166667 0.166667
2 0.166667 0.166667
5 0.166667 0.166667 0.166667 0.166667 0.166667
1 0.166667
1 0.166667
4 0.166667 0.166667 0.166667 0.166667
3 0.166667 0.166667 0.166667
1 0.166667
4 0.166667 0.166667 0.166667 0.166667
3 0.166667 0.166667 0.166667
4 0.166667 0.166667 0.166667 0.166667
4 0.166667 0.166667 0.166667 0.166667
25
3 0.166667 0.166667 0.166667
5 0.166667 0.166667 0.166667 0.166667 0.166667
4 0.166667 0.166667 0.166667 0.166667
2 0.166667 0.166667
4 0.166667 0.166667 0.166667 0.166667
1 0.166667
1 0.166667
2 0.166667 0.166667
5 0.166667 0.166667 0.166667 0.166667 0.166667
4 0.166667 0.166667 0.166667 0.166667
3 0.166667 0.166667 0.166667
2 0.166667 0.166667
5 0.166667 0.166667 0.166667 0.166667 0.166667
1 0.166667
1 0.166667
4 0.166667 0.166667 0.166667 0.166667
3 0.166667 0.166667 0.166667
1 0.166667
4 0.166667 0.166667 0.166667 0.166667
3 0.166667 0.166667 0.166667
4 0.166667 0.166667 0.166667 0.166667
4 0.166667 0.166667 0.166667 0.166667
26
3 0.166667 0.166667 0.166667
5 0.166667 0.166667 0.166667 0.166667 0.166667
4 0.166667 0.166667 0.166667 0.166667
2 0.166667 0.166667
4 0.166667 0.166667 0.166667 0.166667
1 0.166667
1 0.166667
2 0.166667 0.166667
5 0.166667 0.166667 0.166667 0.166667 0.166667
4 0.166667 0.166667 0.166667 0.166667
3 0.166667 0.166667 0.166667
2 0.166667 0.166667
5 0.166667 0.166667 0.166667 0.166667 0.166667
1 0.166667
1 0.166667
4 0.166667 0.166667 0.166667 0.166667
3 0.166667 0.166667 0.166667
1 0.166667
4 0.166667 0.166667 0.166667 0.166667
3 0.166667 0.166667 0.166667
4 0.166667 0.166667 0.166667 0.166667
4 0.166667 0.166667 0.166667 0.166667
27
3 0.166667 0.166667 0.166667
5 0.166667 0.166667 0.166667 0.166667 0.166667
4 0.166667 0.166667 0.166667 0.166667
2 0.166667 0.166667
4 0.166667 0.166667 0.166667 0.166667
1 0.166667
1 0.166667
2 0.166667 0.166667
5 0.166667 0.166667 0.166667 0.166667 0.166667
4 0.166667 0.166667 0.166667 0.166667
3 0.166667 0.166667 0.166667
2 0.166667 0.166667
5 0.166667 0.166667 0.166667 0.166667 0.166667
1 0.166667
1 0.166667
4 0.166667 0.166667 0.166667 0.166667
3 0.166667 0.166667 0.166667
1 0.166667
4 0.166667 0.166667 0.166667 0.166667
3 0.166667 0.166667 0.166667
4 0.166667 0.166667 0.166667 0.166667
4 0.166667 0.166667 0.166667 0.166667
28
3 0.166667 0.166667 0.166667
5 0.166667 0.166667 0.166667 0.166667 0.166667
4 0.166667 0.166667 0.166667 0.166667
2 0.166667 0.166667
4 0.166667 0.166667 0.166667 0.166667
1 0.166667
1 0.166667
2 0.166667 0.166667
5 0.166667 0.166667 0.166667 0.166667 0.166667
4 0.166667 0.166667 0.166667 0.166667
3 0.166667 0.166667 0.166667
2 0.166667 0.166667
5 0.166667 0.166667 0.166667 0.166667 0.166667
1 0.166667
1 0.166667
4 0.166667 0.166667 0.166667 0.166667
3 0.166667 0.166667 0.166667
1 0.166667
4 0.166667 0.166667 0.166667 0.166667
3 0.166667 0.166667 0.166667
4 0.166667 0.166667 0.166667 0.166667
4 0.166667 0.166667 0.166667 0.166667
29
3 0.166667 0.166667 0.166667
5 0.166667 0.166667 0.166667 0.166667 0.166667
4 0.166667 0.166667 0.166667 0.166667
2 0.166667 0.166667
4 0.166667 0.166667 0.166667 0.166667
1 0.166667
1 0.166667
2 0.166667 0.166667
5 0.166667 0.166667 0.166667 0.166667 0.166667
4 0.166667 0.166667 0.166667 0.166667
3 0.166667 0.166667 0.166667
2 0.166667 0.166667
5 0.166667 0.166667 0.166667 0.166667 0.166667
1 0.166667
1 0.166667
4 0.166667 0.166667 0.166667 0.166667
3 0.166667 0.166667 0.166667
1 0.166667
4 0.166667 0.166667 0.166667 0.166667
3 0.166667 0.166667 0.166667
4 0.166667 0.166667 0.166667 0.166667
4 0.166667 0.166667 0.166667 0.166667
30
3 0.166667 0.166667 0.166667
5 0.166667 0.166667 0.166667 0.166667 0.166667
4 0.166667 0.166667 0.166667 0.166667
2 0.166667 0.166667
4 0.166667 0.166667 0.166667 0.166667
1 0.166667
1 0.166667
2 0.166667 0.166667
5 0.166667 0.166667 0.166667 0.166667 0.166667
4 0.166667 0.166667 0.166667 0.166667
3 0.166667 0.166667 0.166667
2 0.166667 0.166667
5 0.166667 0.166667 0.166667 0.166667 0.166667
1 0.166667
1 0.166667
4 0.166667 0.166667 0.166667 0.166667
3 0.166667 0.166667 0.166667
1 0.166667
4 0.166667 0.166667 0.166667 0.166667
3 0.166667 0.166667 0.166667
4 0.166667 0.166667 0.166667 0.166667
4 0.166667 0.166667 0.166667 0.166667
0.166667 0.166667 0.166667 0.166667 0.166667 0.166667 0.166667 0.166667 0.166667 0.166667 0.166667 0.166667 0.166667 0.166667 0.166667 0.166667 0.166667 0.166667 0.166667 0.166667 0.166667 0.166667 
1
0.283333 0.303518 0.25 0.283333 0.257869 0.277614 0.316667 0.332405 0.426004 0.419036 0.984721 0.889654 1.05829 1.1101 1.01667 1.11309 1.16822 0.904444 0.85 0.820166 1.00863 0.961508 
0.303518 0.323703 0.270185 0.303518 0.278054 0.297799 0.336852 0.35259 0.446189 0.439221 1.00491 0.909839 1.07848 1.13028 1.03685 1.13327 1.1884 0.924629 0.870185 0.840351 1.02881 0.981693 
0.25 0.270185 0.216667 0.25 0.224536 0.244281 0.283333 0.299071 0.39267 0.385702 0.951388 0.856321 1.02496 1.07676 0.983333 1.07976 1.13489 0.87111 0.816667 0.786832 0.975295 0.928175 
0.283333 0.303518 0.25 0.283333 0.257869 0.277614 0.316667 0.332405 0.426004 0.419036 0.984721 0.889654 1.05829 1.1101 1.01667 1.11309 1.16822 0.904444 0.85 0.820166 1.00863 0.961508 
0.257869 0.278054 0.224536 0.257869 0.232405 0.25215 0.291202 0.30694 0.400539 0.393571 0.959257 0.86419 1.03283 1.08463 0.991202 1.08762 1.14275 0.878979 0.824536 0.794701 0.983163 0.936043 
0.277614 0.297799 0.244281 0.277614 0.25215 0.271895 0.310948 0.326685 0.420285 0.413316 0.979002 0.883935 1.05257 1.10438 1.01095 1.10737 1.1625 0.898724 0.844281 0.814447 1.00291 0.955789 
0.316667 0.336852 0.283333 0.316667 0.291202 0.310948 0.35 0.365738 0.459337 0.452369 1.01805 0.922987 1.09163 1.14343 1.05 1.14642 1.20155 0.937777 0.883333 0.853499 1.04196 0.994841 
0.332405 0.35259 0.299071 0.332405 0.30694 0.326685 0.365738 0.381476 0.475075 0.468107 1.03379 0.938725 1.10736 1.15917 1.06574 1.16216 1.21729 0.953515 0.899071 0.869237 1.0577 1.01058 
0.426004 0.446189 0.39267 0.426004 0.400539 0.420285 0.459337 0.475075 0.568674 0.561706 1.12739 1.03232 1.20096 1.25277 1.15934 1.25576 1.31089 1.04711 0.99267 0.962836 1.1513 1.10418 
0.419036 0.439221 0.385702 0.419036 0.393571 0.413316 0.452369 0.468107 0.561706 0.554738 1.12042 1.02536 1.194 1.2458 1.15237 1.24879 1.30392 1.04015 0.985702 0.955868 1.14433 1.09721 
0.984721 1.00491 0.951388 0.984721 0.959257 0.979002 1.01805 1.03379 1.12739 1.12042 1.68611 1.59104 1.75968 1.81148 1.71805 1.81448 1.86961 1.60583 1.55139 1.52155 1.71002 1.6629 
0.889654 0.909839 0.856321 0.889654 0.86419 0.883935 0.922987 0.938725 1.03232 1.02536 1.59104 1.49597 1.66461 1.71642 1.62299 1.71941 1.77454 1.51076 1.45632 1.42649 1.61495 1.56783 
1.05829 1.07848 1.02496 1.05829 1.03283 1.05257 1.09163 1.10736 1.20096 1.194 1.75968 1.66461 1.83325 1.88506 1.79163 1.88805 1.94318 1.6794 1.62496 1.59513 1.78359 1.73647 
1.1101 1.13028 1.07676 1.1101 1.08463 1.10438 1.14343 1.15917 1.25277 1.2458 1.81148 1.71642 1.88506 1.93686 1.84343 1.93985 1.99498 1.73121 1.67676 1.64693 1.83539 1.78827 
1.01667 1.03685 0.983333 1.01667 0.991202 1.01095 1.05 1.06574 1.15934 1.15237 1.71805 1.62299 1.79163 1.84343 1.75 1.84642 1.90155 1.63778 1.58333 1.5535 1.74196 1.69484 
1.11309 1.13327 1.07976 1.11309 1.08762 1.10737 1.14642 1.16216 1.25576 1.24879 1.81448 1.71941 1.88805 1.93985 1.84642 1.94284 1.99797 1.7342 1.67976 1.64992 1.83838 1.79126 
1.16822 1.1884 1.13489 1.16822 1.14275 1.1625 1.20155 1.21729 1.31089 1.30392 1.86961 1.77454 1.94318 1.99498 1.90155 1.99797 2.0531 1.78933 1.73489 1.70505 1.89351 1.84639 
0.904444 0.924629 0.87111 0.904444 0.878979 0.898724 0.937777 0.953515 1.04711 1.04015 1.60583 1.51076 1.6794 1.73121 1.63778 1.7342 1.78933 1.52555 1.47111 1.44128 1.62974 1.58262 
0.85 0.870185 0.816667 0.85 0.824536 0.844281 0.883333 0.899071 0.99267 0.985702 1.55139 1.45632 1.62496 1.67676 1.58333 1.67976 1.73489 1.47111 1.41667 1.38683 1.57529 1.52817 
0.820166 0.840351 0.786832 0.820166 0.794701 0.814447 0.853499 0.869237 0.962836 0.955868 1.52155 1.42649 1.59513 1.64693 1.5535 1.64992 1.70505 1.44128 1.38683 1.357 1.54546 1.49834 
1.00863 1.02881 0.975295 1.00863 0.983163 1.00291 1.04196 1.0577 1.1513 1.14433 1.71002 1.61495 1.78359 1.83539 1.74196 1.83838 1.89351 1.62974 1.57529 1.54546 1.73392 1.6868 
0.961508 0.981693 0.928175 0.961508 0.936043 0.955789 0.994841 1.01058 1.10418 1.09721 1.6629 1.56783 1.73647 1.78827 1.69484 1.79126 1.84639 1.58262 1.52817 1.49834 1.6868 1.63968 
2
0.283333 0.303518 0.25 0.283333 0.257869 0.277614 0.316667 0.332405 0.426004 0.419036 0.984721 0.889654 1.05829 1.1101 1.01667 1.11309 1.16822 0.904444 0.85 0.820166 1.00863 0.961508 
0.303518 0.323703 0.270185 0.303518 0.278054 0.297799 0.336852 0.35259 0.446189 0.439221 1.00491 0.909839 1.07848 1.13028 1.03685 1.13327 1.1884 0.924629 0.870185 0.840351 1.02881 0.981693 
0.25 0.270185 0.216667 0.25 0.224536 0.244281 0.283333 0.299071 0.39267 0.385702 0.951388 0.856321 1.02496 1.07676 0.983333 1.07976 1.13489 0.87111 0.816667 0.786832 0.975295 0.928175 
0.283333 0.303518 0.25 0.283333 0.257869 0.277614 0.316667 0.332405 0.426004 0.419036 0.984721 0.889654 1.05829 1.1101 1.01667 1.11309 1.16822 0.904444 0.85 0.820166 1.00863 0.961508 
0.257869 0.278054 0.224536 0.257869 0.232405 0.25215 0.291202 0.30694 0.400539 0.393571 0.959257 0.86419 1.03283 1.08463 0.991202 1.08762 1.14275 0.878979 0.824536 0.794701 0.983163 0.936043 
0.277614 0.297799 0.244281 0.277614 0.25215 0.271895 0.310948 0.326685 0.420285 0.413316 0.979002 0.883935 1.05257 1.10438 1.01095 1.10737 1.1625 0.898724 0.844281 0.814447 1.00291 0.955789 
0.316667 0.336852 0.283333 0.316667 0.291202 0.310948 0.35 0.365738 0.459337 0.452369 1.01805 0.922987 1.09163 1.14343 1.05 1.14642 1.20155 0.937777 0.883333 0.853499 1.04196 0.994841 
0.332405 0.35259 0.299071 0.332405 0.30694 0.326685 0.365738 0.381476 0.475075 0.468107 1.03379 0.938725 1.10736 1.15917 1.06574 1.16216 1.21729 0.953515 0.899071 0.869237 1.0577 1.01058 
0.426004 0.446189 0.39267 0.426004 0.400539 0.420285 0.459337 0.475075 0.568674 0.561706 1.12739 1.03232 1.20096 1.25277 1.15934 1.25576 1.31089 1.04711 0.99267 0.962836 1.1513 1.10418 
0.419036 0.439221 0.385702 0.419036 0.393571 0.413316 0.452369 0.468107 0.561706 0.554738 1.12042 1.02536 1.194 1.2458 1.15237 1.24879 1.30392 1.04015 0.985702 0.955868 1.14433 1.09721 
0.984721 1.00491 0.951388 0.984721 0.959257 0.979002 1.01805 1.03379 1.12739 1.12042 1.68611 1.59104 1.75968 1.81148 1.71805 1.81448 1.86961 1.60583 1.55139 1.52155 1.71002 1.6629 
0.889654 0.909839 0.856321 0.889654 0.86419 0.883935 0.922987 0.938725 1.03232 1.02536 1.59104 1.49597 1.66461 1.71642 1.62299 1.71941 1.77454 1.51076 1.45632 1.42649 1.61495 1.56783 
1.05829 1.07848 1.02496 1.05829 1.03283 1.05257 1.09163 1.10736 1.20096 1.194 1.75968 1.66461 1.83325 1.88506 1.79163 1.88805 1.94318 1.6794 1.62496 1.59513 1.78359 1.73647 
1.1101 1.13028 1.07676 1.1101 1.08463 1.10438 1.14343 1.15917 1.25277 1.2458 1.81148 1.71642 1.88506 1.93686 1.84343 1.93985 1.99498 1.73121 1.67676 1.64693 1.83539 1.78827 
1.01667 1.03685 0.983333 1.01667 0.991202 1.01095 1.05 1.06574 1.15934 1.15237 1.71805 1.62299 1.79163 1.84343 1.75 1.84642 1.90155 1.63778 1.58333 1.5535 1.74196 1.69484 
1.11309 1.13327 1.07976 1.11309 1.08762 1.10737 1.14642 1.16216 1.25576 1.24879 1.81448 1.71941 1.88805 1.93985 1.84642 1.94284 1.99797 1.7342 1.67976 1.64992 1.83838 1.79126 
1.16822 1.1884 1.13489 1.16822 1.14275 1.1625 1.20155 1.21729 1.31089 1.30392 1.86961 1.77454 1.94318 1.99498 1.90155 1.99797 2.0531 1.78933 1.73489 1.70505 1.89351 1.84639 
0.904444 0.924629 0.87111 0.904444 0.878979 0.898724 0.937777 0.953515 1.04711 1.04015 1.60583 1.51076 1.6794 1.73121 1.63778 1.7342 1.78933 1.52555 1.47111 1.44128 1.62974 1.58262 
0.85 0.870185 0.816667 0.85 0.824536 0.844281 0.883333 0.899071 0.99267 0.985702 1.55139 1.45632 1.62496 1.67676 1.58333 1.67976 1.73489 1.47111 1.41667 1.38683 1.57529 1.52817 
0.820166 0.840351 0.786832 0.820166 0.794701 0.814447 0.853499 0.869237 0.962836 0.955868 1.52155 1.42649 1.59513 1.64693 1.5535 1.64992 1.70505 1.44128 1.38683 1.357 1.54546 1.49834 
1.00863 1.02881 0.975295 1.00863 0.983163 1.00291 1.04196 1.0577 1.1513 1.14433 1.71002 1.61495 1.78359 1.83539 1.74196 1.83838 1.89351 1.62974 1.57529 1.54546 1.73392 1.6868 
0.961508 0.981693 0.928175 0.961508 0.936043 0.955789 0.994841 1.01058 1.10418 1.09721 1.6629 1.56783 1.73647 1.78827 1.69484 1.79126 1.84639 1.58262 1.52817 1.49834 1.6868 1.63968 
3
0.283333 0.303518 0.25 0.283333 0.257869 0.277614 0.316667 0.332405 0.426004 0.419036 0.984721 0.889654 1.05829 1.1101 1.01667 1.11309 1.16822 0.904444 0.85 0.820166 1.00863 0.961508 
0.303518 0.323703 0.270185 0.303518 0.278054 0.297799 0.336852 0.35259 0.446189 0.439221 1.00491 0.909839 1.07848 1.13028 1.03685 1.13327 1.1884 0.924629 0.870185 0.840351 1.02881 0.981693 
0.25 0.270185 0.216667 0.25 0.224536 0.244281 0.283333 0.299071 0.39267 0.385702 0.951388 0.856321 1.02496 1.07676 0.983333 1.07976 1.13489 0.87111 0.816667 0.786832 0.975295 0.928175 
0.283333 0.303518 0.25 0.283333 0.257869 0.277614 0.316667 0.332405 0.426004 0.419036 0.984721 0.889654 1.05829 1.1101 1.01667 1.11309 1.16822 0.904444 0.85 0.820166 1.00863 0.961508 
0.257869 0.278054 0.224536 0.257869 0.232405 0.25215 0.291202 0.30694 0.400539 0.393571 0.959257 0.86419 1.03283 1.08463 0.991202 1.08762 1.14275 0.878979 0.824536 0.794701 0.983163 0.936043 
0.277614 0.297799 0.244281 0.277614 0.25215 0.271895 0.310948 0.326685 0.420285 0.413316 0.979002 0.883935 1.05257 1.10438 1.01095 1.10737 1.1625 0.898724 0.844281 0.814447 1.00291 0.955789 
0.316667 0.336852 0.283333 0.316667 0.291202 0.310948 0.35 0.365738 0.459337 0.452369 1.01805 0.922987 1.09163 1.14343 1.05 1.14642 1.20155 0.937777 0.883333 0.853499 1.04196 0.994841 
0.332405 0.35259 0.299071 0.332405 0.30694 0.326685 0.365738 0.381476 0.475075 0.468107 1.03379 0.938725 1.10736 1.15917 1.06574 1.16216 1.21729 0.953515 0.899071 0.869237 1.0577 1.01058 
0.426004 0.446189 0.39267 0.426004 0.400539 0.420285 0.459337 0.475075 0.568674 0.561706 1.12739 1.03232 1.20096 1.25277 1.15934 1.25576 1.31089 1.04711 0.99267 0.962836 1.1513 1.10418 
0.419036 0.439221 0.385702 0.419036 0.393571 0.413316 0.452369 0.468107 0.561706 0.554738 1.12042 1.02536 1.194 1.2458 1.15237 1.24879 1.30392 1.04015 0.985702 0.955868 1.14433 1.09721 
0.984721 1.00491 0.951388 0.984721 0.959257 0.979002 1.01805 1.03379 1.12739 1.12042 1.68611 1.59104 1.75968 1.81148 1.71805 1.81448 1.86961 1.60583 1.55139 1.52155 1.71002 1.6629 
0.889654 0.909839 0.856321 0.889654 0.86419 0.883935 0.922987 0.938725 1.03232 1.02536 1.59104 1.49597 1.66461 1.71642 1.62299 1.71941 1.77454 1.51076 1.45632 1.42649 1.61495 1.56783 
1.05829 1.07848 1.02496 1.05829 1.03283 1.05257 1.09163 1.10736 1.20096 1.194 1.75968 1.66461 1.83325 1.88506 1.79163 1.88805 1.94318 1.6794 1.62496 1.59513 1.78359 1.73647 
1.1101 1.13028 1.07676 1.1101 1.08463 1.10438 1.14343 1.15917 1.25277 1.2458 1.81148 1.71642 1.88506 1.93686 1.84343 1.93985 1.99498 1.73121 1.67676 1.64693 1.83539 1.78827 
1.01667 1.03685 0.983333 1.01667 0.991202 1.01095 1.05 1.06574 1.15934 1.15237 1.71805 1.62299 1.79163 1.84343 1.75 1.84642 1.90155 1.63778 1.58333 1.5535 1.74196 1.69484 
1.11309 1.13327 1.07976 1.11309 1.08762 1.10737 1.14642 1.16216 1.25576 1.24879 1.81448 1.71941 1.88805 1.93985 1.84642 1.94284 1.99797 1.7342 1.67976 1.64992 1.83838 1.79126 
1.16822 1.1884 1.13489 1.16822 1.14275 1.1625 1.20155 1.21729 1.31089 1.30392 1.86961 1.77454 1.94318 1.99498 1.90155 1.99797 2.0531 1.78933 1.73489 1.70505 1.89351 1.84639 
0.904444 0.924629 0.87111 0.904444 0.878979 0.898724 0.937777 0.953515 1.04711 1.04015 1.60583 1.51076 1.6794 1.73121 1.63778 1.7342 1.78933 1.52555 1.47111 1.44128 1.62974 1.58262 
0.85 0.870185 0.816667 0.85 0.824536 0.844281 0.883333 0.899071 0.99267 0.985702 1.55139 1.45632 1.62496 1.67676 1.58333 1.67976 1.73489 1.47111 1.41667 1.38683 1.57529 1.52817 
0.820166 0.840351 0.786832 0.820166 0.794701 0.814447 0.853499 0.869237 0.962836 0.955868 1.52155 1.42649 1.59513 1.64693 1.5535 1.64992 1.70505 1.44128 1.38683 1.357 1.54546 1.49834 
1.00863 1.02881 0.975295 1.00863 0.983163 1.00291 1.04196 1.0577 1.1513 1.14433 1.71002 1.61495 1.78359 1.83539 1.74196 1.83838 1.89351 1.62974 1.57529 1.54546 1.73392 1.6868 
0.961508 0.981693 0.928175 0.961508 0.936043 0.955789 0.994841 1.01058 1.10418 1.09721 1.6629 1.56783 1.73647 1.78827 1.69484 1.79126 1.84639 1.58262 1.52817 1.49834 1.6868 1.63968 
4
0.283333 0.303518 0.25 0.283333 0.257869 0.277614 0.316667 0.332405 0.426004 0.419036 0.984721 0.889654 1.05829 1.1101 1.01667 1.11309 1.16822 0.904444 0.85 0.820166 1.00863 0.961508 
0.303518 0.323703 0.270185 0.303518 0.278054 0.297799 0.336852 0.35259 0.446189 0.439221 1.00491 0.909839 1.07848 1.13028 1.03685 1.13327 1.1884 0.924629 0.870185 0.840351 1.02881 0.981693 
0.25 0.270185 0.216667 0.25 0.224536 0.244281 0.283333 0.299071 0.39267 0.385702 0.951388 0.856321 1.02496 1.07676 0.983333 1.07976 1.13489 0.87111 0.816667 0.786832 0.975295 0.928175 
0.283333 0.303518 0.25 0.283333 0.257869 0.277614 0.316667 0.332405 0.426004 0.419036 0.984721 0.889654 1.05829 1.1101 1.01667 1.11309 1.16822 0.904444 0.85 0.820166 1.00863 0.961508 
0.257869 0.278054 0.224536 0.257869 0.232405 0.25215 0.291202 0.30694 0.400539 0.393571 0.959257 0.86419 1.03283 1.08463 0.991202 1.08762 1.14275 0.878979 0.824536 0.794701 0.983163 0.936043 
0.277614 0.297799 0.244281 0.277614 0.25215 0.271895 0.310948 0.326685 0.420285 0.413316 0.979002 0.883935 1.05257 1.10438 1.01095 1.10737 1.1625 0.898724 0.844281 0.814447 1.00291 0.955789 
0.316667 0.336852 0.283333 0.316667 0.291202 0.310948 0.35 0.365738 0.459337 0.452369 1.01805 0.922987 1.09163 1.14343 1.05 1.14642 1.20155 0.937777 0.883333 0.853499 1.04196 0.994841 
0.332405 0.35259 0.299071 0.332405 0.30694 0.326685 0.365738 0.381476 0.475075 0.468107 1.03379 0.938725 1.10736 1.15917 1.06574 1.16216 1.21729 0.953515 0.899071 0.869237 1.0577 1.01058 
0.426004 0.446189 0.39267 0.426004 0.400539 0.420285 0.459337 0.475075 0.568674 0.561706 1.12739 1.03232 1.20096 1.25277 1.15934 1.25576 1.31089 1.04711 0.99267 0.962836 1.1513 1.10418 
0.419036 0.439221 0.385702 0.419036 0.393571 0.413316 0.452369 0.468107 0.561706 0.554738 1.12042 1.02536 1.194 1.2458 1.15237 1.24879 1.30392 1.04015 0.985702 0.955868 1.14433 1.09721 
0.984721 1.00491 0.951388 0.984721 0.959257 0.979002 1.01805 1.03379 1.12739 1.12042 1.68611 1.59104 1.75968 1.81148 1.71805 1.81448 1.86961 1.60583 1.55139 1.52155 1.71002 1.6629 
0.889654 0.909839 0.856321 0.889654 0.86419 0.883935 0.922987 0.938725 1.03232 1.02536 1.59104 1.49597 1.66461 1.71642 1.62299 1.71941 1.77454 1.51076 1.45632 1.42649 1.61495 1.56783 
1.05829 1.07848 1.02496 1.05829 1.03283 1.05257 1.09163 1.10736 1.20096 1.194 1.75968 1.66461 1.83325 1.88506 1.79163 1.88805 1.94318 1.6794 1.62496 1.59513 1.78359 1.73647 
1.1101 1.13028 1.07676 1.1101 1.08463 1.10438 1.14343 1.15917 1.25277 1.2458 1.81148 1.71642 1.88506 1.93686 1.84343 1.93985 1.99498 1.73121 1.67676 1.64693 1.83539 1.78827 
1.01667 1.03685 0.983333 1.01667 0.991202 1.01095 1.05 1.06574 1.15934 1.15237 1.71805 1.62299 1.79163 1.84343 1.75 1.84642 1.90155 1.63778 1.58333 1.5535 1.74196 1.69484 
1.11309 1.13327 1.07976 1.11309 1.08762 1.10737 1.14642 1.16216 1.25576 1.24879 1.81448 1.71941 1.88805 1.93985 1.84642 1.94284 1.99797 1.7342 1.67976 1.64992 1.83838 1.79126 
1.16822 1.1884 1.13489 1.16822 1.14275 1.1625 1.20155 1.21729 1.31089 1.30392 1.86961 1.77454 1.94318 1.99498 1.90155 1.99797 2.0531 1.78933 1.73489 1.70505 1.89351 1.84639 
0.904444 0.924629 0.87111 0.904444 0.878979 0.898724 0.937777 0.953515 1.04711 1.04015 1.60583 1.51076 1.6794 1.73121 1.63778 1.7342 1.78933 1.52555 1.47111 1.44128 1.62974 1.58262 
0.85 0.870185 0.816667 0.85 0.824536 0.844281 0.883333 0.899071 0.99267 0.985702 1.55139 1.45632 1.62496 1.67676 1.58333 1.67976 1.73489 1.47111 1.41667 1.38683 1.57529 1.52817 
0.820166 0.840351 0.786832 0.820166 0.794701 0.814447 0.853499 0.869237 0.962836 0.955868 1.52155 1.42649 1.59513 1.64693 1.5535 1.64992 1.70505 1.44128 1.38683 1.357 1.54546 1.49834 
1.00863 1.02881 0.975295 1.00863 0.983163 1.00291 1.04196 1.0577 1.1513 1.14433 1.71002 1.61495 1.78359 1.83539 1.74196 1.83838 1.89351 1.62974 1.57529 1.54546 1.73392 1.6868 
0.961508 0.981693 0.928175 0.961508 0.936043 0.955789 0.994841 1.01058 1.10418 1.09721 1.6629 1.56783 1.73647 1.78827 1.69484 1.79126 1.84639 1.58262 1.52817 1.49834 1.6868 1.63968 
5
0.283333 0.303518 0.25 0.283333 0.257869 0.277614 0.316667 0.332405 0.426004 0.419036 0.984721 0.889654 1.05829 1.1101 1.01667 1.11309 1.16822 0.904444 0.85 0.820166 1.00863 0.961508 
0.303518 0.323703 0.270185 0.303518 0.278054 0.297799 0.336852 0.35259 0.446189 0.439221 1.00491 0.909839 1.07848 1.13028 1.03685 1.13327 1.1884 0.924629 0.870185 0.840351 1.02881 0.981693 
0.25 0.270185 0.216667 0.25 0.224536 0.244281 0.283333 0.299071 0.39267 0.385702 0.951388 0.856321 1.02496 1.07676 0.983333 1.07976 1.13489 0.87111 0.816667 0.786832 0.975295 0.928175 
0.283333 0.303518 0.25 0.283333 0.257869 0.277614 0.316667 0.332405 0.426004 0.419036 0.984721 0.889654 1.05829 1.1101 1.01667 1.11309 1.16822 0.904444 0.85 0.820166 1.00863 0.961508 
0.257869 0.278054 0.224536 0.257869 0.232405 0.25215 0.291202 0.30694 0.400539 0.393571 0.959257 0.86419 1.03283 1.08463 0.991202 1.08762 1.14275 0.878979 0.824536 0.794701 0.983163 0.936043 
0.277614 0.297799 0.244281 0.277614 0.25215 0.271895 0.310948 0.326685 0.420285 0.413316 0.979002 0.883935 1.05257 1.10438 1.01095 1.10737 1.1625 0.898724 0.844281 0.814447 1.00291 0.955789 
0.316667 0.336852 0.283333 0.316667 0.291202 0.310948 0.35 0.365738 0.459337 0.452369 1.01805 0.922987 1.09163 1.14343 1.05 1.14642 1.20155 0.937777 0.883333 0.853499 1.04196 0.994841 
0.332405 0.35259 0.299071 0.332405 0.30694 0.326685 0.365738 0.381476 0.475075 0.468107 1.03379 0.938725 1.10736 1.15917 1.06574 1.16216 1.21729 0.953515 0.899071 0.869237 1.0577 1.01058 
0.426004 0.446189 0.39267 0.426004 0.400539 0.420285 0.459337 0.475075 0.568674 0.561706 1.12739 1.03232 1.20096 1.25277 1.15934 1.25576 1.31089 1.04711 0.99267 0.962836 1.1513 1.10418 
0.419036 0.439221 0.385702 0.419036 0.393571 0.413316 0.452369 0.468107 0.561706 0.554738 1.12042 1.02536 1.194 1.2458 1.15237 1.24879 1.30392 1.04015 0.985702 0.955868 1.14433 1.09721 
0.984721 1.00491 0.951388 0.984721 0.959257 0.979002 1.01805 1.03379 1.12739 1.12042 1.68611 1.59104 1.75968 1.81148 1.71805 1.81448 1.86961 1.60583 1.55139 1.52155 1.71002 1.6629 
0.889654 0.909839 0.856321 0.889654 0.86419 0.883935 0.922987 0.938725 1.03232 1.02536 1.59104 1.49597 1.66461 1.71642 1.62299 1.71941 1.77454 1.51076 1.45632 1.42649 1.61495 1.56783 
1.05829 1.07848 1.02496 1.05829 1.03283 1.05257 1.09163 1.10736 1.20096 1.194 1.75968 1.66461 1.83325 1.88506 1.79163 1.88805 1.94318 1.6794 1.62496 1.59513 1.78359 1.73647 
1.1101 1.13028 1.07676 1.1101 1.08463 1.10438 1.14343 1.15917 1.25277 1.2458 1.81148 1.71642 1.88506 1.93686 1.84343 1.93985 1.99498 1.73121 1.67676 1.64693 1.83539 1.78827 
1.01667 1.03685 0.983333 1.01667 0.991202 1.01095 1.05 1.06574 1.15934 1.15237 1.71805 1.62299 1.79163 1.84343 1.75 1.84642 1.90155 1.63778 1.58333 1.5535 1.74196 1.69484 
1.11309 1.13327 1.07976 1.11309 1.08762 1.10737 1.14642 1.16216 1.25576 1.24879 1.81448 1.71941 1.88805 1.93985 1.84642 1.94284 1.99797 1.7342 1.67976 1.64992 1.83838 1.79126 
