R1P9-V3
1
9
10
30
10 1 2 3 4 5 6 7 8 9 10
4 1 2 3 4
3 1 2 3
3 1 2 3
4 1 2 3 4
4 1 2 3 4
5 1 2 3 4 5
4 1 2 3 4
3 1 2 3
2 1 2
0.485341 0.700793 1.05251 0.593483 0.518545 0.880025 0.761577 0.94104 0.549747 
0.485341 
0.700793 
1.05251 
0.593483 
0.518545 
0.880025 
0.761577 
0.94104 
0.549747 
1
4 0.166667 0.166667 0.166667 0.166667
3 0.166667 0.166667 0.166667
3 0.166667 0.166667 0.166667
4 0.166667 0.166667 0.166667 0.166667
4 0.166667 0.166667 0.166667 0.166667
5 0.166667 0.166667 0.166667 0.166667 0.166667
4 0.166667 0.166667 0.166667 0.166667
3 0.166667 0.166667 0.166667
2 0.166667 0.166667
2
4 0.166667 0.166667 0.166667 0.166667
3 0.166667 0.166667 0.166667
3 0.166667 0.166667 0.166667
4 0.166667 0.166667 0.166667 0.166667
4 0.166667 0.166667 0.166667 0.166667
5 0.166667 0.166667 0.166667 0.166667 0.166667
4 0.166667 0.166667 0.166667 0.166667
3 0.166667 0.166667 0.166667
2 0.166667 0.166667
3
4 0.166667 0.166667 0.166667 0.166667
3 0.166667 0.166667 0.166667
3 0.166667 0.166667 0.166667
4 0.166667 0.166667 0.166667 0.166667
4 0.166667 0.166667 0.166667 0.166667
5 0.166667 0.166667 0.166667 0.166667 0.166667
4 0.166667 0.166667 0.166667 0.166667
3 0.166667 0.166667 0.166667
2 0.166667 0.166667
4
4 0.166667 0.166667 0.166667 0.166667
3 0.166667 0.166667 0.166667
3 0.166667 0.166667 0.166667
4 0.166667 0.166667 0.166667 0.166667
4 0.166667 0.166667 0.166667 0.166667
5 0.166667 0.166667 0.166667 0.166667 0.166667
4 0.166667 0.166667 0.166667 0.166667
3 0.166667 0.166667 0.166667
2 0.166667 0.166667
5
4 0.166667 0.166667 0.166667 0.166667
3 0.166667 0.166667 0.166667
3 0.166667 0.166667 0.166667
4 0.166667 0.166667 0.166667 0.166667
4 0.166667 0.166667 0.166667 0.166667
5 0.166667 0.166667 0.166667 0.166667 0.166667
4 0.166667 0.166667 0.166667 0.166667
3 0.166667 0.166667 0.166667
2 0.166667 0.166667
6
4 0.166667 0.166667 0.166667 0.166667
3 0.166667 0.166667 0.166667
3 0.166667 0.166667 0.166667
4 0.166667 0.166667 0.166667 0.166667
4 0.166667 0.166667 0.166667 0.166667
5 0.166667 0.166667 0.166667 0.166667 0.166667
4 0.166667 0.166667 0.166667 0.166667
3 0.166667 0.166667 0.166667
2 0.166667 0.166667
7
4 0.166667 0.166667 0.166667 0.166667
3 0.166667 0.166667 0.166667
3 0.166667 0.166667 0.166667
4 0.166667 0.166667 0.166667 0.166667
4 0.166667 0.166667 0.166667 0.166667
5 0.166667 0.166667 0.166667 0.166667 0.166667
4 0.166667 0.166667 0.166667 0.166667
3 0.166667 0.166667 0.166667
2 0.166667 0.166667
8
4 0.166667 0.166667 0.166667 0.166667
3 0.166667 0.166667 0.166667
3 0.166667 0.166667 0.166667
4 0.166667 0.166667 0.166667 0.166667
4 0.166667 0.166667 0.166667 0.166667
5 0.166667 0.166667 0.166667 0.166667 0.166667
4 0.166667 0.166667 0.166667 0.166667
3 0.166667 0.166667 0.166667
2 0.166667 0.166667
9
4 0.166667 0.166667 0.166667 0.166667
3 0.166667 0.166667 0.166667
3 0.166667 0.166667 0.166667
4 0.166667 0.166667 0.166667 0.166667
4 0.166667 0.166667 0.166667 0.166667
5 0.166667 0.166667 0.166667 0.166667 0.166667
4 0.166667 0.166667 0.166667 0.166667
3 0.166667 0.166667 0.166667
2 0.166667 0.166667
10
4 0.166667 0.166667 0.166667 0.166667
3 0.166667 0.166667 0.166667
3 0.166667 0.166667 0.166667
4 0.166667 0.166667 0.166667 0.166667
4 0.166667 0.166667 0.166667 0.166667
5 0.166667 0.166667 0.166667 0.166667 0.166667
4 0.166667 0.166667 0.166667 0.166667
3 0.166667 0.166667 0.166667
2 0.166667 0.166667
0.166667 0.166667 0.166667 0.166667 0.166667 0.166667 0.166667 0.166667 0.166667 
1
1.05401 1.26947 1.62118 1.16216 1.08722 1.4487 1.33025 1.50971 1.11842 
1.26947 1.48492 1.83664 1.37761 1.30267 1.66415 1.5457 1.72517 1.33387 
1.62118 1.83664 2.18835 1.72933 1.65439 2.01587 1.89742 2.07688 1.68559 
1.16216 1.37761 1.72933 1.2703 1.19536 1.55684 1.43839 1.61786 1.22656 
1.08722 1.30267 1.65439 1.19536 1.12042 1.4819 1.36346 1.54292 1.15163 
1.4487 1.66415 2.01587 1.55684 1.4819 1.84338 1.72494 1.9044 1.51311 
1.33025 1.5457 1.89742 1.43839 1.36346 1.72494 1.60649 1.78595 1.39466 
1.50971 1.72517 2.07688 1.61786 1.54292 1.9044 1.78595 1.96541 1.57412 
1.11842 1.33387 1.68559 1.22656 1.15163 1.51311 1.39466 1.57412 1.18283 
2
1.05401 1.26947 1.62118 1.16216 1.08722 1.4487 1.33025 1.50971 1.11842 
1.26947 1.48492 1.83664 1.37761 1.30267 1.66415 1.5457 1.72517 1.33387 
1.62118 1.83664 2.18835 1.72933 1.65439 2.01587 1.89742 2.07688 1.68559 
1.16216 1.37761 1.72933 1.2703 1.19536 1.55684 1.43839 1.61786 1.22656 
1.08722 1.30267 1.65439 1.19536 1.12042 1.4819 1.36346 1.54292 1.15163 
1.4487 1.66415 2.01587 1.55684 1.4819 1.84338 1.72494 1.9044 1.51311 
1.33025 1.5457 1.89742 1.43839 1.36346 1.72494 1.60649 1.78595 1.39466 
1.50971 1.72517 2.07688 1.61786 1.54292 1.9044 1.78595 1.96541 1.57412 
1.11842 1.33387 1.68559 1.22656 1.15163 1.51311 1.39466 1.57412 1.18283 
3
1.05401 1.26947 1.62118 1.16216 1.08722 1.4487 1.33025 1.50971 1.11842 
1.26947 1.48492 1.83664 1.37761 1.30267 1.66415 1.5457 1.72517 1.33387 
1.62118 1.83664 2.18835 1.72933 1.65439 2.01587 1.89742 2.07688 1.68559 
1.16216 1.37761 1.72933 1.2703 1.19536 1.55684 1.43839 1.61786 1.22656 
1.08722 1.30267 1.65439 1.19536 1.12042 1.4819 1.36346 1.54292 1.15163 
1.4487 1.66415 2.01587 1.55684 1.4819 1.84338 1.72494 1.9044 1.51311 
1.33025 1.5457 1.89742 1.43839 1.36346 1.72494 1.60649 1.78595 1.39466 
1.50971 1.72517 2.07688 1.61786 1.54292 1.9044 1.78595 1.96541 1.57412 
1.11842 1.33387 1.68559 1.22656 1.15163 1.51311 1.39466 1.57412 1.18283 
4
1.05401 1.26947 1.62118 1.16216 1.08722 1.4487 1.33025 1.50971 1.11842 
1.26947 1.48492 1.83664 1.37761 1.30267 1.66415 1.5457 1.72517 1.33387 
1.62118 1.83664 2.18835 1.72933 1.65439 2.01587 1.89742 2.07688 1.68559 
1.16216 1.37761 1.72933 1.2703 1.19536 1.55684 1.43839 1.61786 1.22656 
1.08722 1.30267 1.65439 1.19536 1.12042 1.4819 1.36346 1.54292 1.15163 
1.4487 1.66415 2.01587 1.55684 1.4819 1.84338 1.72494 1.9044 1.51311 
1.33025 1.5457 1.89742 1.43839 1.36346 1.72494 1.60649 1.78595 1.39466 
1.50971 1.72517 2.07688 1.61786 1.54292 1.9044 1.78595 1.96541 1.57412 
1.11842 1.33387 1.68559 1.22656 1.15163 1.51311 1.39466 1.57412 1.18283 
5
1.05401 1.26947 1.62118 1.16216 1.08722 1.4487 1.33025 1.50971 1.11842 
1.26947 1.48492 1.83664 1.37761 1.30267 1.66415 1.5457 1.72517 1.33387 
1.62118 1.83664 2.18835 1.72933 1.65439 2.01587 1.89742 2.07688 1.68559 
1.16216 1.37761 1.72933 1.2703 1.19536 1.55684 1.43839 1.61786 1.22656 
1.08722 1.30267 1.65439 1.19536 1.12042 1.4819 1.36346 1.54292 1.15163 
1.4487 1.66415 2.01587 1.55684 1.4819 1.84338 1.72494 1.9044 1.51311 
1.33025 1.5457 1.89742 1.43839 1.36346 1.72494 1.60649 1.78595 1.39466 
1.50971 1.72517 2.07688 1.61786 1.54292 1.9044 1.78595 1.96541 1.57412 
1.11842 1.33387 1.68559 1.22656 1.15163 1.51311 1.39466 1.57412 1.18283 
6
1.05401 1.26947 1.62118 1.16216 1.08722 1.4487 1.33025 1.50971 1.11842 
1.26947 1.48492 1.83664 1.37761 1.30267 1.66415 1.5457 1.72517 1.33387 
1.62118 1.83664 2.18835 1.72933 1.65439 2.01587 1.89742 2.07688 1.68559 
1.16216 1.37761 1.72933 1.2703 1.19536 1.55684 1.43839 1.61786 1.22656 
1.08722 1.30267 1.65439 1.19536 1.12042 1.4819 1.36346 1.54292 1.15163 
1.4487 1.66415 2.01587 1.55684 1.4819 1.84338 1.72494 1.9044 1.51311 
1.33025 1.5457 1.89742 1.43839 1.36346 1.72494 1.60649 1.78595 1.39466 
1.50971 1.72517 2.07688 1.61786 1.54292 1.9044 1.78595 1.96541 1.57412 
1.11842 1.33387 1.68559 1.22656 1.15163 1.51311 1.39466 1.57412 1.18283 
7
1.05401 1.26947 1.62118 1.16216 1.08722 1.4487 1.33025 1.50971 1.11842 
1.26947 1.48492 1.83664 1.37761 1.30267 1.66415 1.5457 1.72517 1.33387 
1.62118 1.83664 2.18835 1.72933 1.65439 2.01587 1.89742 2.07688 1.68559 
1.16216 1.37761 1.72933 1.2703 1.19536 1.55684 1.43839 1.61786 1.22656 
1.08722 1.30267 1.65439 1.19536 1.12042 1.4819 1.36346 1.54292 1.15163 
1.4487 1.66415 2.01587 1.55684 1.4819 1.84338 1.72494 1.9044 1.51311 
1.33025 1.5457 1.89742 1.43839 1.36346 1.72494 1.60649 1.78595 1.39466 
1.50971 1.72517 2.07688 1.61786 1.54292 1.9044 1.78595 1.96541 1.57412 
1.11842 1.33387 1.68559 1.22656 1.15163 1.51311 1.39466 1.57412 1.18283 
8
1.05401 1.26947 1.62118 1.16216 1.08722 1.4487 1.33025 1.50971 1.11842 
1.26947 1.48492 1.83664 1.37761 1.30267 1.66415 1.5457 1.72517 1.33387 
1.62118 1.83664 2.18835 1.72933 1.65439 2.01587 1.89742 2.07688 1.68559 
1.16216 1.37761 1.72933 1.2703 1.19536 1.55684 1.43839 1.61786 1.22656 
1.08722 1.30267 1.65439 1.19536 1.12042 1.4819 1.36346 1.54292 1.15163 
1.4487 1.66415 2.01587 1.55684 1.4819 1.84338 1.72494 1.9044 1.51311 
1.33025 1.5457 1.89742 1.43839 1.36346 1.72494 1.60649 1.78595 1.39466 
1.50971 1.72517 2.07688 1.61786 1.54292 1.9044 1.78595 1.96541 1.57412 
1.11842 1.33387 1.68559 1.22656 1.15163 1.51311 1.39466 1.57412 1.18283 
9
1.05401 1.26947 1.62118 1.16216 1.08722 1.4487 1.33025 1.50971 1.11842 
1.26947 1.48492 1.83664 1.37761 1.30267 1.66415 1.5457 1.72517 1.33387 
1.62118 1.83664 2.18835 1.72933 1.65439 2.01587 1.89742 2.07688 1.68559 
1.16216 1.37761 1.72933 1.2703 1.19536 1.55684 1.43839 1.61786 1.22656 
1.08722 1.30267 1.65439 1.19536 1.12042 1.4819 1.36346 1.54292 1.15163 
1.4487 1.66415 2.01587 1.55684 1.4819 1.84338 1.72494 1.9044 1.51311 
1.33025 1.5457 1.89742 1.43839 1.36346 1.72494 1.60649 1.78595 1.39466 
1.50971 1.72517 2.07688 1.61786 1.54292 1.9044 1.78595 1.96541 1.57412 
1.11842 1.33387 1.68559 1.22656 1.15163 1.51311 1.39466 1.57412 1.18283 
10
1.05401 1.26947 1.62118 1.16216 1.08722 1.4487 1.33025 1.50971 1.11842 
1.26947 1.48492 1.83664 1.37761 1.30267 1.66415 1.5457 1.72517 1.33387 
1.62118 1.83664 2.18835 1.72933 1.65439 2.01587 1.89742 2.07688 1.68559 
1.16216 1.37761 1.72933 1.2703 1.19536 1.55684 1.43839 1.61786 1.22656 
1.08722 1.30267 1.65439 1.19536 1.12042 1.4819 1.36346 1.54292 1.15163 
1.4487 1.66415 2.01587 1.55684 1.4819 1.84338 1.72494 1.9044 1.51311 
1.33025 1.5457 1.89742 1.43839 1.36346 1.72494 1.60649 1.78595 1.39466 
1.50971 1.72517 2.07688 1.61786 1.54292 1.9044 1.78595 1.96541 1.57412 
1.11842 1.33387 1.68559 1.22656 1.15163 1.51311 1.39466 1.57412 1.18283 
8 8.5 8 9 9.5 11 12 13 13 
9 9.5 9.5 10.5 11.5 13 14 14.5 14 
7 
18 
