R101
2
16
20
30
10 1 2 3 4 5 6 7 8 9 10
10 11 12 13 14 15 16 17 18 19 20
3 1 2 3
1 1
4 1 2 3 4
1 1
4 1 2 3 4
4 1 2 3 4
2 1 2
4 1 2 3 4
5 1 2 3 4 5
3 1 2 3
4 1 2 3 4
4 1 2 3 4
1 1
4 1 2 3 4
5 1 2 3 4 5
4 1 2 3 4
0.485341 0.700793 1.05251 0.593483 0.518545 0.880025 0.761577 0.94104 0.549747 1.08525 1.07342 0.827983 1.56241 1.51181 1.415 1.35688 
1.06719 0.897527 0.896908 1.43372 1.16667 1.37437 0.600925 1.2693 1.424 0.314466 0.527046 0.235702 0.707107 0.666667 0.687184 0.849837 
0.485341 1.06719 
0.700793 0.897527 
1.05251 0.896908 
0.593483 1.43372 
0.518545 1.16667 
0.880025 1.37437 
0.761577 0.600925 
0.94104 1.2693 
0.549747 1.424 
1.08525 0.314466 
1.07342 0.527046 
0.827983 0.235702 
1.56241 0.707107 
1.51181 0.666667 
1.415 0.687184 
1.35688 0.849837 
1
3 0.166667 0.166667 0.166667
1 0.166667
4 0.166667 0.166667 0.166667 0.166667
1 0.166667
4 0.166667 0.166667 0.166667 0.166667
4 0.166667 0.166667 0.166667 0.166667
2 0.166667 0.166667
4 0.166667 0.166667 0.166667 0.166667
5 0.166667 0.166667 0.166667 0.166667 0.166667
3 0.166667 0.166667 0.166667
4 0.166667 0.166667 0.166667 0.166667
4 0.166667 0.166667 0.166667 0.166667
1 0.166667
4 0.166667 0.166667 0.166667 0.166667
5 0.166667 0.166667 0.166667 0.166667 0.166667
4 0.166667 0.166667 0.166667 0.166667
2
3 0.166667 0.166667 0.166667
1 0.166667
4 0.166667 0.166667 0.166667 0.166667
1 0.166667
4 0.166667 0.166667 0.166667 0.166667
4 0.166667 0.166667 0.166667 0.166667
2 0.166667 0.166667
4 0.166667 0.166667 0.166667 0.166667
5 0.166667 0.166667 0.166667 0.166667 0.166667
3 0.166667 0.166667 0.166667
4 0.166667 0.166667 0.166667 0.166667
4 0.166667 0.166667 0.166667 0.166667
1 0.166667
4 0.166667 0.166667 0.166667 0.166667
5 0.166667 0.166667 0.166667 0.166667 0.166667
4 0.166667 0.166667 0.166667 0.166667
3
3 0.166667 0.166667 0.166667
1 0.166667
4 0.166667 0.166667 0.166667 0.166667
1 0.166667
4 0.166667 0.166667 0.166667 0.166667
4 0.166667 0.166667 0.166667 0.166667
2 0.166667 0.166667
4 0.166667 0.166667 0.166667 0.166667
5 0.166667 0.166667 0.166667 0.166667 0.166667
3 0.166667 0.166667 0.166667
4 0.166667 0.166667 0.166667 0.166667
4 0.166667 0.166667 0.166667 0.166667
1 0.166667
4 0.166667 0.166667 0.166667 0.166667
5 0.166667 0.166667 0.166667 0.166667 0.166667
4 0.166667 0.166667 0.166667 0.166667
4
3 0.166667 0.166667 0.166667
1 0.166667
4 0.166667 0.166667 0.166667 0.166667
1 0.166667
4 0.166667 0.166667 0.166667 0.166667
4 0.166667 0.166667 0.166667 0.166667
2 0.166667 0.166667
4 0.166667 0.166667 0.166667 0.166667
5 0.166667 0.166667 0.166667 0.166667 0.166667
3 0.166667 0.166667 0.166667
4 0.166667 0.166667 0.166667 0.166667
4 0.166667 0.166667 0.166667 0.166667
1 0.166667
4 0.166667 0.166667 0.166667 0.166667
5 0.166667 0.166667 0.166667 0.166667 0.166667
4 0.166667 0.166667 0.166667 0.166667
5
3 0.166667 0.166667 0.166667
1 0.166667
4 0.166667 0.166667 0.166667 0.166667
1 0.166667
4 0.166667 0.166667 0.166667 0.166667
4 0.166667 0.166667 0.166667 0.166667
2 0.166667 0.166667
4 0.166667 0.166667 0.166667 0.166667
5 0.166667 0.166667 0.166667 0.166667 0.166667
3 0.166667 0.166667 0.166667
4 0.166667 0.166667 0.166667 0.166667
4 0.166667 0.166667 0.166667 0.166667
1 0.166667
4 0.166667 0.166667 0.166667 0.166667
5 0.166667 0.166667 0.166667 0.166667 0.166667
4 0.166667 0.166667 0.166667 0.166667
6
3 0.166667 0.166667 0.166667
1 0.166667
4 0.166667 0.166667 0.166667 0.166667
1 0.166667
4 0.166667 0.166667 0.166667 0.166667
4 0.166667 0.166667 0.166667 0.166667
2 0.166667 0.166667
4 0.166667 0.166667 0.166667 0.166667
5 0.166667 0.166667 0.166667 0.166667 0.166667
3 0.166667 0.166667 0.166667
4 0.166667 0.166667 0.166667 0.166667
4 0.166667 0.166667 0.166667 0.166667
1 0.166667
4 0.166667 0.166667 0.166667 0.166667
5 0.166667 0.166667 0.166667 0.166667 0.166667
4 0.166667 0.166667 0.166667 0.166667
7
3 0.166667 0.166667 0.166667
1 0.166667
4 0.166667 0.166667 0.166667 0.166667
1 0.166667
4 0.166667 0.166667 0.166667 0.166667
4 0.166667 0.166667 0.166667 0.166667
2 0.166667 0.166667
4 0.166667 0.166667 0.166667 0.166667
5 0.166667 0.166667 0.166667 0.166667 0.166667
3 0.166667 0.166667 0.166667
4 0.166667 0.166667 0.166667 0.166667
4 0.166667 0.166667 0.166667 0.166667
1 0.166667
4 0.166667 0.166667 0.166667 0.166667
5 0.166667 0.166667 0.166667 0.166667 0.166667
4 0.166667 0.166667 0.166667 0.166667
8
3 0.166667 0.166667 0.166667
1 0.166667
4 0.166667 0.166667 0.166667 0.166667
1 0.166667
4 0.166667 0.166667 0.166667 0.166667
4 0.166667 0.166667 0.166667 0.166667
2 0.166667 0.166667
4 0.166667 0.166667 0.166667 0.166667
5 0.166667 0.166667 0.166667 0.166667 0.166667
3 0.166667 0.166667 0.166667
4 0.166667 0.166667 0.166667 0.166667
4 0.166667 0.166667 0.166667 0.166667
1 0.166667
4 0.166667 0.166667 0.166667 0.166667
5 0.166667 0.166667 0.166667 0.166667 0.166667
4 0.166667 0.166667 0.166667 0.166667
9
3 0.166667 0.166667 0.166667
1 0.166667
4 0.166667 0.166667 0.166667 0.166667
1 0.166667
4 0.166667 0.166667 0.166667 0.166667
4 0.166667 0.166667 0.166667 0.166667
2 0.166667 0.166667
4 0.166667 0.166667 0.166667 0.166667
5 0.166667 0.166667 0.166667 0.166667 0.166667
3 0.166667 0.166667 0.166667
4 0.166667 0.166667 0.166667 0.166667
4 0.166667 0.166667 0.166667 0.166667
1 0.166667
4 0.166667 0.166667 0.166667 0.166667
5 0.166667 0.166667 0.166667 0.166667 0.166667
4 0.166667 0.166667 0.166667 0.166667
10
3 0.166667 0.166667 0.166667
1 0.166667
4 0.166667 0.166667 0.166667 0.166667
1 0.166667
4 0.166667 0.166667 0.166667 0.166667
4 0.166667 0.166667 0.166667 0.166667
2 0.166667 0.166667
4 0.166667 0.166667 0.166667 0.166667
5 0.166667 0.166667 0.166667 0.166667 0.166667
3 0.166667 0.166667 0.166667
4 0.166667 0.166667 0.166667 0.166667
4 0.166667 0.166667 0.166667 0.166667
1 0.166667
4 0.166667 0.166667 0.166667 0.166667
5 0.166667 0.166667 0.166667 0.166667 0.166667
4 0.166667 0.166667 0.166667 0.166667
11
3 0.166667 0.166667 0.166667
1 0.166667
4 0.166667 0.166667 0.166667 0.166667
1 0.166667
4 0.166667 0.166667 0.166667 0.166667
4 0.166667 0.166667 0.166667 0.166667
2 0.166667 0.166667
4 0.166667 0.166667 0.166667 0.166667
5 0.166667 0.166667 0.166667 0.166667 0.166667
3 0.166667 0.166667 0.166667
4 0.166667 0.166667 0.166667 0.166667
4 0.166667 0.166667 0.166667 0.166667
1 0.166667
4 0.166667 0.166667 0.166667 0.166667
5 0.166667 0.166667 0.166667 0.166667 0.166667
4 0.166667 0.166667 0.166667 0.166667
12
3 0.166667 0.166667 0.166667
1 0.166667
4 0.166667 0.166667 0.166667 0.166667
1 0.166667
4 0.166667 0.166667 0.166667 0.166667
4 0.166667 0.166667 0.166667 0.166667
2 0.166667 0.166667
4 0.166667 0.166667 0.166667 0.166667
5 0.166667 0.166667 0.166667 0.166667 0.166667
3 0.166667 0.166667 0.166667
4 0.166667 0.166667 0.166667 0.166667
4 0.166667 0.166667 0.166667 0.166667
1 0.166667
4 0.166667 0.166667 0.166667 0.166667
5 0.166667 0.166667 0.166667 0.166667 0.166667
4 0.166667 0.166667 0.166667 0.166667
13
3 0.166667 0.166667 0.166667
1 0.166667
4 0.166667 0.166667 0.166667 0.166667
1 0.166667
4 0.166667 0.166667 0.166667 0.166667
4 0.166667 0.166667 0.166667 0.166667
2 0.166667 0.166667
4 0.166667 0.166667 0.166667 0.166667
5 0.166667 0.166667 0.166667 0.166667 0.166667
3 0.166667 0.166667 0.166667
4 0.166667 0.166667 0.166667 0.166667
4 0.166667 0.166667 0.166667 0.166667
1 0.166667
4 0.166667 0.166667 0.166667 0.166667
5 0.166667 0.166667 0.166667 0.166667 0.166667
4 0.166667 0.166667 0.166667 0.166667
14
3 0.166667 0.166667 0.166667
1 0.166667
4 0.166667 0.166667 0.166667 0.166667
1 0.166667
4 0.166667 0.166667 0.166667 0.166667
4 0.166667 0.166667 0.166667 0.166667
2 0.166667 0.166667
4 0.166667 0.166667 0.166667 0.166667
5 0.166667 0.166667 0.166667 0.166667 0.166667
3 0.166667 0.166667 0.166667
4 0.166667 0.166667 0.166667 0.166667
4 0.166667 0.166667 0.166667 0.166667
1 0.166667
4 0.166667 0.166667 0.166667 0.166667
5 0.166667 0.166667 0.166667 0.166667 0.166667
4 0.166667 0.166667 0.166667 0.166667
15
3 0.166667 0.166667 0.166667
1 0.166667
4 0.166667 0.166667 0.166667 0.166667
1 0.166667
4 0.166667 0.166667 0.166667 0.166667
4 0.166667 0.166667 0.166667 0.166667
2 0.166667 0.166667
4 0.166667 0.166667 0.166667 0.166667
5 0.166667 0.166667 0.166667 0.166667 0.166667
3 0.166667 0.166667 0.166667
4 0.166667 0.166667 0.166667 0.166667
4 0.166667 0.166667 0.166667 0.166667
1 0.166667
4 0.166667 0.166667 0.166667 0.166667
5 0.166667 0.166667 0.166667 0.166667 0.166667
4 0.166667 0.166667 0.166667 0.166667
16
3 0.166667 0.166667 0.166667
1 0.166667
4 0.166667 0.166667 0.166667 0.166667
1 0.166667
4 0.166667 0.166667 0.166667 0.166667
4 0.166667 0.166667 0.166667 0.166667
2 0.166667 0.166667
4 0.166667 0.166667 0.166667 0.166667
5 0.166667 0.166667 0.166667 0.166667 0.166667
3 0.166667 0.166667 0.166667
4 0.166667 0.166667 0.166667 0.166667
4 0.166667 0.166667 0.166667 0.166667
1 0.166667
4 0.166667 0.166667 0.166667 0.166667
5 0.166667 0.166667 0.166667 0.166667 0.166667
4 0.166667 0.166667 0.166667 0.166667
17
3 0.166667 0.166667 0.166667
1 0.166667
4 0.166667 0.166667 0.166667 0.166667
1 0.166667
4 0.166667 0.166667 0.166667 0.166667
4 0.166667 0.166667 0.166667 0.166667
2 0.166667 0.166667
4 0.166667 0.166667 0.166667 0.166667
5 0.166667 0.166667 0.166667 0.166667 0.166667
3 0.166667 0.166667 0.166667
4 0.166667 0.166667 0.166667 0.166667
4 0.166667 0.166667 0.166667 0.166667
1 0.166667
4 0.166667 0.166667 0.166667 0.166667
5 0.166667 0.166667 0.166667 0.166667 0.166667
4 0.166667 0.166667 0.166667 0.166667
18
3 0.166667 0.166667 0.166667
1 0.166667
4 0.166667 0.166667 0.166667 0.166667
1 0.166667
4 0.166667 0.166667 0.166667 0.166667
4 0.166667 0.166667 0.166667 0.166667
2 0.166667 0.166667
4 0.166667 0.166667 0.166667 0.166667
5 0.166667 0.166667 0.166667 0.166667 0.166667
3 0.166667 0.166667 0.166667
4 0.166667 0.166667 0.166667 0.166667
4 0.166667 0.166667 0.166667 0.166667
1 0.166667
4 0.166667 0.166667 0.166667 0.166667
5 0.166667 0.166667 0.166667 0.166667 0.166667
4 0.166667 0.166667 0.166667 0.166667
19
3 0.166667 0.166667 0.166667
1 0.166667
4 0.166667 0.166667 0.166667 0.166667
1 0.166667
4 0.166667 0.166667 0.166667 0.166667
4 0.166667 0.166667 0.166667 0.166667
2 0.166667 0.166667
4 0.166667 0.166667 0.166667 0.166667
5 0.166667 0.166667 0.166667 0.166667 0.166667
3 0.166667 0.166667 0.166667
4 0.166667 0.166667 0.166667 0.166667
4 0.166667 0.166667 0.166667 0.166667
1 0.166667
4 0.166667 0.166667 0.166667 0.166667
5 0.166667 0.166667 0.166667 0.166667 0.166667
4 0.166667 0.166667 0.166667 0.166667
20
3 0.166667 0.166667 0.166667
1 0.166667
4 0.166667 0.166667 0.166667 0.166667
1 0.166667
4 0.166667 0.166667 0.166667 0.166667
4 0.166667 0.166667 0.166667 0.166667
2 0.166667 0.166667
4 0.166667 0.166667 0.166667 0.166667
5 0.166667 0.166667 0.166667 0.166667 0.166667
3 0.166667 0.166667 0.166667
4 0.166667 0.166667 0.166667 0.166667
4 0.166667 0.166667 0.166667 0.166667
1 0.166667
4 0.166667 0.166667 0.166667 0.166667
5 0.166667 0.166667 0.166667 0.166667 0.166667
4 0.166667 0.166667 0.166667 0.166667
0.166667 0.166667 0.166667 0.166667 0.166667 0.166667 0.166667 0.166667 0.166667 0.166667 0.166667 0.166667 0.166667 0.166667 0.166667 0.166667 
1
1.05401 1.26947 1.62118 1.16216 1.08722 1.4487 1.33025 1.50971 1.11842 1.65393 1.64209 1.39666 2.13108 2.08048 1.98367 1.92555 
1.26947 1.48492 1.83664 1.37761 1.30267 1.66415 1.5457 1.72517 1.33387 1.86938 1.85754 1.61211 2.34653 2.29593 2.19913 2.141 
1.62118 1.83664 2.18835 1.72933 1.65439 2.01587 1.89742 2.07688 1.68559 2.2211 2.20926 1.96383 2.69825 2.64765 2.55084 2.49272 
1.16216 1.37761 1.72933 1.2703 1.19536 1.55684 1.43839 1.61786 1.22656 1.76207 1.75023 1.5048 2.23922 2.18862 2.09182 2.03369 
1.08722 1.30267 1.65439 1.19536 1.12042 1.4819 1.36346 1.54292 1.15163 1.68713 1.67529 1.42986 2.16428 2.11368 2.01688 1.95875 
1.4487 1.66415 2.01587 1.55684 1.4819 1.84338 1.72494 1.9044 1.51311 2.04861 2.03677 1.79134 2.52576 2.47516 2.37836 2.32023 
1.33025 1.5457 1.89742 1.43839 1.36346 1.72494 1.60649 1.78595 1.39466 1.93017 1.91833 1.67289 2.40732 2.35672 2.25991 2.20179 
1.50971 1.72517 2.07688 1.61786 1.54292 1.9044 1.78595 1.96541 1.57412 2.10963 2.09779 1.85236 2.58678 2.53618 2.43937 2.38125 
1.11842 1.33387 1.68559 1.22656 1.15163 1.51311 1.39466 1.57412 1.18283 1.71834 1.7065 1.46106 2.19549 2.14489 2.04808 1.98996 
1.65393 1.86938 2.2211 1.76207 1.68713 2.04861 1.93017 2.10963 1.71834 2.25384 2.242 1.99657 2.73099 2.68039 2.58359 2.52546 
1.64209 1.85754 2.20926 1.75023 1.67529 2.03677 1.91833 2.09779 1.7065 2.242 2.23017 1.98473 2.71916 2.66855 2.57175 2.51362 
1.39666 1.61211 1.96383 1.5048 1.42986 1.79134 1.67289 1.85236 1.46106 1.99657 1.98473 1.7393 2.47372 2.42312 2.32632 2.26819 
2.13108 2.34653 2.69825 2.23922 2.16428 2.52576 2.40732 2.58678 2.19549 2.73099 2.71916 2.47372 3.20814 3.15754 3.06074 3.00261 
2.08048 2.29593 2.64765 2.18862 2.11368 2.47516 2.35672 2.53618 2.14489 2.68039 2.66855 2.42312 3.15754 3.10694 3.01014 2.95201 
1.98367 2.19913 2.55084 2.09182 2.01688 2.37836 2.25991 2.43937 2.04808 2.58359 2.57175 2.32632 3.06074 3.01014 2.91333 2.85521 
1.92555 2.141 2.49272 2.03369 1.95875 2.32023 2.20179 2.38125 1.98996 2.52546 2.51362 2.26819 3.00261 2.95201 2.85521 2.79708 
2
1.05401 1.26947 1.62118 1.16216 1.08722 1.4487 1.33025 1.50971 1.11842 1.65393 1.64209 1.39666 2.13108 2.08048 1.98367 1.92555 
1.26947 1.48492 1.83664 1.37761 1.30267 1.66415 1.5457 1.72517 1.33387 1.86938 1.85754 1.61211 2.34653 2.29593 2.19913 2.141 
1.62118 1.83664 2.18835 1.72933 1.65439 2.01587 1.89742 2.07688 1.68559 2.2211 2.20926 1.96383 2.69825 2.64765 2.55084 2.49272 
1.16216 1.37761 1.72933 1.2703 1.19536 1.55684 1.43839 1.61786 1.22656 1.76207 1.75023 1.5048 2.23922 2.18862 2.09182 2.03369 
1.08722 1.30267 1.65439 1.19536 1.12042 1.4819 1.36346 1.54292 1.15163 1.68713 1.67529 1.42986 2.16428 2.11368 2.01688 1.95875 
1.4487 1.66415 2.01587 1.55684 1.4819 1.84338 1.72494 1.9044 1.51311 2.04861 2.03677 1.79134 2.52576 2.47516 2.37836 2.32023 
1.33025 1.5457 1.89742 1.43839 1.36346 1.72494 1.60649 1.78595 1.39466 1.93017 1.91833 1.67289 2.40732 2.35672 2.25991 2.20179 
1.50971 1.72517 2.07688 1.61786 1.54292 1.9044 1.78595 1.96541 1.57412 2.10963 2.09779 1.85236 2.58678 2.53618 2.43937 2.38125 
1.11842 1.33387 1.68559 1.22656 1.15163 1.51311 1.39466 1.57412 1.18283 1.71834 1.7065 1.46106 2.19549 2.14489 2.04808 1.98996 
1.65393 1.86938 2.2211 1.76207 1.68713 2.04861 1.93017 2.10963 1.71834 2.25384 2.242 1.99657 2.73099 2.68039 2.58359 2.52546 
1.64209 1.85754 2.20926 1.75023 1.67529 2.03677 1.91833 2.09779 1.7065 2.242 2.23017 1.98473 2.71916 2.66855 2.57175 2.51362 
1.39666 1.61211 1.96383 1.5048 1.42986 1.79134 1.67289 1.85236 1.46106 1.99657 1.98473 1.7393 2.47372 2.42312 2.32632 2.26819 
2.13108 2.34653 2.69825 2.23922 2.16428 2.52576 2.40732 2.58678 2.19549 2.73099 2.71916 2.47372 3.20814 3.15754 3.06074 3.00261 
2.08048 2.29593 2.64765 2.18862 2.11368 2.47516 2.35672 2.53618 2.14489 2.68039 2.66855 2.42312 3.15754 3.10694 3.01014 2.95201 
1.98367 2.19913 2.55084 2.09182 2.01688 2.37836 2.25991 2.43937 2.04808 2.58359 2.57175 2.32632 3.06074 3.01014 2.91333 2.85521 
1.92555 2.141 2.49272 2.03369 1.95875 2.32023 2.20179 2.38125 1.98996 2.52546 2.51362 2.26819 3.00261 2.95201 2.85521 2.79708 
3
1.05401 1.26947 1.62118 1.16216 1.08722 1.4487 1.33025 1.50971 1.11842 1.65393 1.64209 1.39666 2.13108 2.08048 1.98367 1.92555 
1.26947 1.48492 1.83664 1.37761 1.30267 1.66415 1.5457 1.72517 1.33387 1.86938 1.85754 1.61211 2.34653 2.29593 2.19913 2.141 
1.62118 1.83664 2.18835 1.72933 1.65439 2.01587 1.89742 2.07688 1.68559 2.2211 2.20926 1.96383 2.69825 2.64765 2.55084 2.49272 
1.16216 1.37761 1.72933 1.2703 1.19536 1.55684 1.43839 1.61786 1.22656 1.76207 1.75023 1.5048 2.23922 2.18862 2.09182 2.03369 
1.08722 1.30267 1.65439 1.19536 1.12042 1.4819 1.36346 1.54292 1.15163 1.68713 1.67529 1.42986 2.16428 2.11368 2.01688 1.95875 
1.4487 1.66415 2.01587 1.55684 1.4819 1.84338 1.72494 1.9044 1.51311 2.04861 2.03677 1.79134 2.52576 2.47516 2.37836 2.32023 
1.33025 1.5457 1.89742 1.43839 1.36346 1.72494 1.60649 1.78595 1.39466 1.93017 1.91833 1.67289 2.40732 2.35672 2.25991 2.20179 
1.50971 1.72517 2.07688 1.61786 1.54292 1.9044 1.78595 1.96541 1.57412 2.10963 2.09779 1.85236 2.58678 2.53618 2.43937 2.38125 
1.11842 1.33387 1.68559 1.22656 1.15163 1.51311 1.39466 1.57412 1.18283 1.71834 1.7065 1.46106 2.19549 2.14489 2.04808 1.98996 
1.65393 1.86938 2.2211 1.76207 1.68713 2.04861 1.93017 2.10963 1.71834 2.25384 2.242 1.99657 2.73099 2.68039 2.58359 2.52546 
1.64209 1.85754 2.20926 1.75023 1.67529 2.03677 1.91833 2.09779 1.7065 2.242 2.23017 1.98473 2.71916 2.66855 2.57175 2.51362 
1.39666 1.61211 1.96383 1.5048 1.42986 1.79134 1.67289 1.85236 1.46106 1.99657 1.98473 1.7393 2.47372 2.42312 2.32632 2.26819 
2.13108 2.34653 2.69825 2.23922 2.16428 2.52576 2.40732 2.58678 2.19549 2.73099 2.71916 2.47372 3.20814 3.15754 3.06074 3.00261 
2.08048 2.29593 2.64765 2.18862 2.11368 2.47516 2.35672 2.53618 2.14489 2.68039 2.66855 2.42312 3.15754 3.10694 3.01014 2.95201 
1.98367 2.19913 2.55084 2.09182 2.01688 2.37836 2.25991 2.43937 2.04808 2.58359 2.57175 2.32632 3.06074 3.01014 2.91333 2.85521 
1.92555 2.141 2.49272 2.03369 1.95875 2.32023 2.20179 2.38125 1.98996 2.52546 2.51362 2.26819 3.00261 2.95201 2.85521 2.79708 
4
1.05401 1.26947 1.62118 1.16216 1.08722 1.4487 1.33025 1.50971 1.11842 1.65393 1.64209 1.39666 2.13108 2.08048 1.98367 1.92555 
1.26947 1.48492 1.83664 1.37761 1.30267 1.66415 1.5457 1.72517 1.33387 1.86938 1.85754 1.61211 2.34653 2.29593 2.19913 2.141 
1.62118 1.83664 2.18835 1.72933 1.65439 2.01587 1.89742 2.07688 1.68559 2.2211 2.20926 1.96383 2.69825 2.64765 2.55084 2.49272 
1.16216 1.37761 1.72933 1.2703 1.19536 1.55684 1.43839 1.61786 1.22656 1.76207 1.75023 1.5048 2.23922 2.18862 2.09182 2.03369 
1.08722 1.30267 1.65439 1.19536 1.12042 1.4819 1.36346 1.54292 1.15163 1.68713 1.67529 1.42986 2.16428 2.11368 2.01688 1.95875 
1.4487 1.66415 2.01587 1.55684 1.4819 1.84338 1.72494 1.9044 1.51311 2.04861 2.03677 1.79134 2.52576 2.47516 2.37836 2.32023 
1.33025 1.5457 1.89742 1.43839 1.36346 1.72494 1.60649 1.78595 1.39466 1.93017 1.91833 1.67289 2.40732 2.35672 2.25991 2.20179 
1.50971 1.72517 2.07688 1.61786 1.54292 1.9044 1.78595 1.96541 1.57412 2.10963 2.09779 1.85236 2.58678 2.53618 2.43937 2.38125 
1.11842 1.33387 1.68559 1.22656 1.15163 1.51311 1.39466 1.57412 1.18283 1.71834 1.7065 1.46106 2.19549 2.14489 2.04808 1.98996 
1.65393 1.86938 2.2211 1.76207 1.68713 2.04861 1.93017 2.10963 1.71834 2.25384 2.242 1.99657 2.73099 2.68039 2.58359 2.52546 
1.64209 1.85754 2.20926 1.75023 1.67529 2.03677 1.91833 2.09779 1.7065 2.242 2.23017 1.98473 2.71916 2.66855 2.57175 2.51362 
1.39666 1.61211 1.96383 1.5048 1.42986 1.79134 1.67289 1.85236 1.46106 1.99657 1.98473 1.7393 2.47372 2.42312 2.32632 2.26819 
2.13108 2.34653 2.69825 2.23922 2.16428 2.52576 2.40732 2.58678 2.19549 2.73099 2.71916 2.47372 3.20814 3.15754 3.06074 3.00261 
2.08048 2.29593 2.64765 2.18862 2.11368 2.47516 2.35672 2.53618 2.14489 2.68039 2.66855 2.42312 3.15754 3.10694 3.01014 2.95201 
1.98367 2.19913 2.55084 2.09182 2.01688 2.37836 2.25991 2.43937 2.04808 2.58359 2.57175 2.32632 3.06074 3.01014 2.91333 2.85521 
1.92555 2.141 2.49272 2.03369 1.95875 2.32023 2.20179 2.38125 1.98996 2.52546 2.51362 2.26819 3.00261 2.95201 2.85521 2.79708 
5
1.05401 1.26947 1.62118 1.16216 1.08722 1.4487 1.33025 1.50971 1.11842 1.65393 1.64209 1.39666 2.13108 2.08048 1.98367 1.92555 
1.26947 1.48492 1.83664 1.37761 1.30267 1.66415 1.5457 1.72517 1.33387 1.86938 1.85754 1.61211 2.34653 2.29593 2.19913 2.141 
1.62118 1.83664 2.18835 1.72933 1.65439 2.01587 1.89742 2.07688 1.68559 2.2211 2.20926 1.96383 2.69825 2.64765 2.55084 2.49272 
1.16216 1.37761 1.72933 1.2703 1.19536 1.55684 1.43839 1.61786 1.22656 1.76207 1.75023 1.5048 2.23922 2.18862 2.09182 2.03369 
1.08722 1.30267 1.65439 1.19536 1.12042 1.4819 1.36346 1.54292 1.15163 1.68713 1.67529 1.42986 2.16428 2.11368 2.01688 1.95875 
1.4487 1.66415 2.01587 1.55684 1.4819 1.84338 1.72494 1.9044 1.51311 2.04861 2.03677 1.79134 2.52576 2.47516 2.37836 2.32023 
1.33025 1.5457 1.89742 1.43839 1.36346 1.72494 1.60649 1.78595 1.39466 1.93017 1.91833 1.67289 2.40732 2.35672 2.25991 2.20179 
1.50971 1.72517 2.07688 1.61786 1.54292 1.9044 1.78595 1.96541 1.57412 2.10963 2.09779 1.85236 2.58678 2.53618 2.43937 2.38125 
1.11842 1.33387 1.68559 1.22656 1.15163 1.51311 1.39466 1.57412 1.18283 1.71834 1.7065 1.46106 2.19549 2.14489 2.04808 1.98996 
1.65393 1.86938 2.2211 1.76207 1.68713 2.04861 1.93017 2.10963 1.71834 2.25384 2.242 1.99657 2.73099 2.68039 2.58359 2.52546 
1.64209 1.85754 2.20926 1.75023 1.67529 2.03677 1.91833 2.09779 1.7065 2.242 2.23017 1.98473 2.71916 2.66855 2.57175 2.51362 
1.39666 1.61211 1.96383 1.5048 1.42986 1.79134 1.67289 1.85236 1.46106 1.99657 1.98473 1.7393 2.47372 2.42312 2.32632 2.26819 
2.13108 2.34653 2.69825 2.23922 2.16428 2.52576 2.40732 2.58678 2.19549 2.73099 2.71916 2.47372 3.20814 3.15754 3.06074 3.00261 
2.08048 2.29593 2.64765 2.18862 2.11368 2.47516 2.35672 2.53618 2.14489 2.68039 2.66855 2.42312 3.15754 3.10694 3.01014 2.95201 
1.98367 2.19913 2.55084 2.09182 2.01688 2.37836 2.25991 2.43937 2.04808 2.58359 2.57175 2.32632 3.06074 3.01014 2.91333 2.85521 
1.92555 2.141 2.49272 2.03369 1.95875 2.32023 2.20179 2.38125 1.98996 2.52546 2.51362 2.26819 3.00261 2.95201 2.85521 2.79708 
6
1.05401 1.26947 1.62118 1.16216 1.08722 1.4487 1.33025 1.50971 1.11842 1.65393 1.64209 1.39666 2.13108 2.08048 1.98367 1.92555 
1.26947 1.48492 1.83664 1.37761 1.30267 1.66415 1.5457 1.72517 1.33387 1.86938 1.85754 1.61211 2.34653 2.29593 2.19913 2.141 
1.62118 1.83664 2.18835 1.72933 1.65439 2.01587 1.89742 2.07688 1.68559 2.2211 2.20926 1.96383 2.69825 2.64765 2.55084 2.49272 
1.16216 1.37761 1.72933 1.2703 1.19536 1.55684 1.43839 1.61786 1.22656 1.76207 1.75023 1.5048 2.23922 2.18862 2.09182 2.03369 
1.08722 1.30267 1.65439 1.19536 1.12042 1.4819 1.36346 1.54292 1.15163 1.68713 1.67529 1.42986 2.16428 2.11368 2.01688 1.95875 
1.4487 1.66415 2.01587 1.55684 1.4819 1.84338 1.72494 1.9044 1.51311 2.04861 2.03677 1.79134 2.52576 2.47516 2.37836 2.32023 
1.33025 1.5457 1.89742 1.43839 1.36346 1.72494 1.60649 1.78595 1.39466 1.93017 1.91833 1.67289 2.40732 2.35672 2.25991 2.20179 
1.50971 1.72517 2.07688 1.61786 1.54292 1.9044 1.78595 1.96541 1.57412 2.10963 2.09779 1.85236 2.58678 2.53618 2.43937 2.38125 
1.11842 1.33387 1.68559 1.22656 1.15163 1.51311 1.39466 1.57412 1.18283 1.71834 1.7065 1.46106 2.19549 2.14489 2.04808 1.98996 
1.65393 1.86938 2.2211 1.76207 1.68713 2.04861 1.93017 2.10963 1.71834 2.25384 2.242 1.99657 2.73099 2.68039 2.58359 2.52546 
1.64209 1.85754 2.20926 1.75023 1.67529 2.03677 1.91833 2.09779 1.7065 2.242 2.23017 1.98473 2.71916 2.66855 2.57175 2.51362 
1.39666 1.61211 1.96383 1.5048 1.42986 1.79134 1.67289 1.85236 1.46106 1.99657 1.98473 1.7393 2.47372 2.42312 2.32632 2.26819 
2.13108 2.34653 2.69825 2.23922 2.16428 2.52576 2.40732 2.58678 2.19549 2.73099 2.71916 2.47372 3.20814 3.15754 3.06074 3.00261 
2.08048 2.29593 2.64765 2.18862 2.11368 2.47516 2.35672 2.53618 2.14489 2.68039 2.66855 2.42312 3.15754 3.10694 3.01014 2.95201 
1.98367 2.19913 2.55084 2.09182 2.01688 2.37836 2.25991 2.43937 2.04808 2.58359 2.57175 2.32632 3.06074 3.01014 2.91333 2.85521 
1.92555 2.141 2.49272 2.03369 1.95875 2.32023 2.20179 2.38125 1.98996 2.52546 2.51362 2.26819 3.00261 2.95201 2.85521 2.79708 
7
1.05401 1.26947 1.62118 1.16216 1.08722 1.4487 1.33025 1.50971 1.11842 1.65393 1.64209 1.39666 2.13108 2.08048 1.98367 1.92555 
1.26947 1.48492 1.83664 1.37761 1.30267 1.66415 1.5457 1.72517 1.33387 1.86938 1.85754 1.61211 2.34653 2.29593 2.19913 2.141 
1.62118 1.83664 2.18835 1.72933 1.65439 2.01587 1.89742 2.07688 1.68559 2.2211 2.20926 1.96383 2.69825 2.64765 2.55084 2.49272 
1.16216 1.37761 1.72933 1.2703 1.19536 1.55684 1.43839 1.61786 1.22656 1.76207 1.75023 1.5048 2.23922 2.18862 2.09182 2.03369 
1.08722 1.30267 1.65439 1.19536 1.12042 1.4819 1.36346 1.54292 1.15163 1.68713 1.67529 1.42986 2.16428 2.11368 2.01688 1.95875 
1.4487 1.66415 2.01587 1.55684 1.4819 1.84338 1.72494 1.9044 1.51311 2.04861 2.03677 1.79134 2.52576 2.47516 2.37836 2.32023 
1.33025 1.5457 1.89742 1.43839 1.36346 1.72494 1.60649 1.78595 1.39466 1.93017 1.91833 1.67289 2.40732 2.35672 2.25991 2.20179 
1.50971 1.72517 2.07688 1.61786 1.54292 1.9044 1.78595 1.96541 1.57412 2.10963 2.09779 1.85236 2.58678 2.53618 2.43937 2.38125 
1.11842 1.33387 1.68559 1.22656 1.15163 1.51311 1.39466 1.57412 1.18283 1.71834 1.7065 1.46106 2.19549 2.14489 2.04808 1.98996 
1.65393 1.86938 2.2211 1.76207 1.68713 2.04861 1.93017 2.10963 1.71834 2.25384 2.242 1.99657 2.73099 2.68039 2.58359 2.52546 
1.64209 1.85754 2.20926 1.75023 1.67529 2.03677 1.91833 2.09779 1.7065 2.242 2.23017 1.98473 2.71916 2.66855 2.57175 2.51362 
1.39666 1.61211 1.96383 1.5048 1.42986 1.79134 1.67289 1.85236 1.46106 1.99657 1.98473 1.7393 2.47372 2.42312 2.32632 2.26819 
2.13108 2.34653 2.69825 2.23922 2.16428 2.52576 2.40732 2.58678 2.19549 2.73099 2.71916 2.47372 3.20814 3.15754 3.06074 3.00261 
2.08048 2.29593 2.64765 2.18862 2.11368 2.47516 2.35672 2.53618 2.14489 2.68039 2.66855 2.42312 3.15754 3.10694 3.01014 2.95201 
1.98367 2.19913 2.55084 2.09182 2.01688 2.37836 2.25991 2.43937 2.04808 2.58359 2.57175 2.32632 3.06074 3.01014 2.91333 2.85521 
1.92555 2.141 2.49272 2.03369 1.95875 2.32023 2.20179 2.38125 1.98996 2.52546 2.51362 2.26819 3.00261 2.95201 2.85521 2.79708 
8
1.05401 1.26947 1.62118 1.16216 1.08722 1.4487 1.33025 1.50971 1.11842 1.65393 1.64209 1.39666 2.13108 2.08048 1.98367 1.92555 
1.26947 1.48492 1.83664 1.37761 1.30267 1.66415 1.5457 1.72517 1.33387 1.86938 1.85754 1.61211 2.34653 2.29593 2.19913 2.141 
1.62118 1.83664 2.18835 1.72933 1.65439 2.01587 1.89742 2.07688 1.68559 2.2211 2.20926 1.96383 2.69825 2.64765 2.55084 2.49272 
1.16216 1.37761 1.72933 1.2703 1.19536 1.55684 1.43839 1.61786 1.22656 1.76207 1.75023 1.5048 2.23922 2.18862 2.09182 2.03369 
1.08722 1.30267 1.65439 1.19536 1.12042 1.4819 1.36346 1.54292 1.15163 1.68713 1.67529 1.42986 2.16428 2.11368 2.01688 1.95875 
1.4487 1.66415 2.01587 1.55684 1.4819 1.84338 1.72494 1.9044 1.51311 2.04861 2.03677 1.79134 2.52576 2.47516 2.37836 2.32023 
1.33025 1.5457 1.89742 1.43839 1.36346 1.72494 1.60649 1.78595 1.39466 1.93017 1.91833 1.67289 2.40732 2.35672 2.25991 2.20179 
1.50971 1.72517 2.07688 1.61786 1.54292 1.9044 1.78595 1.96541 1.57412 2.10963 2.09779 1.85236 2.58678 2.53618 2.43937 2.38125 
1.11842 1.33387 1.68559 1.22656 1.15163 1.51311 1.39466 1.57412 1.18283 1.71834 1.7065 1.46106 2.19549 2.14489 2.04808 1.98996 
1.65393 1.86938 2.2211 1.76207 1.68713 2.04861 1.93017 2.10963 1.71834 2.25384 2.242 1.99657 2.73099 2.68039 2.58359 2.52546 
1.64209 1.85754 2.20926 1.75023 1.67529 2.03677 1.91833 2.09779 1.7065 2.242 2.23017 1.98473 2.71916 2.66855 2.57175 2.51362 
1.39666 1.61211 1.96383 1.5048 1.42986 1.79134 1.67289 1.85236 1.46106 1.99657 1.98473 1.7393 2.47372 2.42312 2.32632 2.26819 
2.13108 2.34653 2.69825 2.23922 2.16428 2.52576 2.40732 2.58678 2.19549 2.73099 2.71916 2.47372 3.20814 3.15754 3.06074 3.00261 
2.08048 2.29593 2.64765 2.18862 2.11368 2.47516 2.35672 2.53618 2.14489 2.68039 2.66855 2.42312 3.15754 3.10694 3.01014 2.95201 
1.98367 2.19913 2.55084 2.09182 2.01688 2.37836 2.25991 2.43937 2.04808 2.58359 2.57175 2.32632 3.06074 3.01014 2.91333 2.85521 
1.92555 2.141 2.49272 2.03369 1.95875 2.32023 2.20179 2.38125 1.98996 2.52546 2.51362 2.26819 3.00261 2.95201 2.85521 2.79708 
9
1.05401 1.26947 1.62118 1.16216 1.08722 1.4487 1.33025 1.50971 1.11842 1.65393 1.64209 1.39666 2.13108 2.08048 1.98367 1.92555 
1.26947 1.48492 1.83664 1.37761 1.30267 1.66415 1.5457 1.72517 1.33387 1.86938 1.85754 1.61211 2.34653 2.29593 2.19913 2.141 
1.62118 1.83664 2.18835 1.72933 1.65439 2.01587 1.89742 2.07688 1.68559 2.2211 2.20926 1.96383 2.69825 2.64765 2.55084 2.49272 
1.16216 1.37761 1.72933 1.2703 1.19536 1.55684 1.43839 1.61786 1.22656 1.76207 1.75023 1.5048 2.23922 2.18862 2.09182 2.03369 
1.08722 1.30267 1.65439 1.19536 1.12042 1.4819 1.36346 1.54292 1.15163 1.68713 1.67529 1.42986 2.16428 2.11368 2.01688 1.95875 
1.4487 1.66415 2.01587 1.55684 1.4819 1.84338 1.72494 1.9044 1.51311 2.04861 2.03677 1.79134 2.52576 2.47516 2.37836 2.32023 
1.33025 1.5457 1.89742 1.43839 1.36346 1.72494 1.60649 1.78595 1.39466 1.93017 1.91833 1.67289 2.40732 2.35672 2.25991 2.20179 
1.50971 1.72517 2.07688 1.61786 1.54292 1.9044 1.78595 1.96541 1.57412 2.10963 2.09779 1.85236 2.58678 2.53618 2.43937 2.38125 
1.11842 1.33387 1.68559 1.22656 1.15163 1.51311 1.39466 1.57412 1.18283 1.71834 1.7065 1.46106 2.19549 2.14489 2.04808 1.98996 
1.65393 1.86938 2.2211 1.76207 1.68713 2.04861 1.93017 2.10963 1.71834 2.25384 2.242 1.99657 2.73099 2.68039 2.58359 2.52546 
1.64209 1.85754 2.20926 1.75023 1.67529 2.03677 1.91833 2.09779 1.7065 2.242 2.23017 1.98473 2.71916 2.66855 2.57175 2.51362 
1.39666 1.61211 1.96383 1.5048 1.42986 1.79134 1.67289 1.85236 1.46106 1.99657 1.98473 1.7393 2.47372 2.42312 2.32632 2.26819 
2.13108 2.34653 2.69825 2.23922 2.16428 2.52576 2.40732 2.58678 2.19549 2.73099 2.71916 2.47372 3.20814 3.15754 3.06074 3.00261 
2.08048 2.29593 2.64765 2.18862 2.11368 2.47516 2.35672 2.53618 2.14489 2.68039 2.66855 2.42312 3.15754 3.10694 3.01014 2.95201 
1.98367 2.19913 2.55084 2.09182 2.01688 2.37836 2.25991 2.43937 2.04808 2.58359 2.57175 2.32632 3.06074 3.01014 2.91333 2.85521 
1.92555 2.141 2.49272 2.03369 1.95875 2.32023 2.20179 2.38125 1.98996 2.52546 2.51362 2.26819 3.00261 2.95201 2.85521 2.79708 
10
1.05401 1.26947 1.62118 1.16216 1.08722 1.4487 1.33025 1.50971 1.11842 1.65393 1.64209 1.39666 2.13108 2.08048 1.98367 1.92555 
1.26947 1.48492 1.83664 1.37761 1.30267 1.66415 1.5457 1.72517 1.33387 1.86938 1.85754 1.61211 2.34653 2.29593 2.19913 2.141 
1.62118 1.83664 2.18835 1.72933 1.65439 2.01587 1.89742 2.07688 1.68559 2.2211 2.20926 1.96383 2.69825 2.64765 2.55084 2.49272 
1.16216 1.37761 1.72933 1.2703 1.19536 1.55684 1.43839 1.61786 1.22656 1.76207 1.75023 1.5048 2.23922 2.18862 2.09182 2.03369 
1.08722 1.30267 1.65439 1.19536 1.12042 1.4819 1.36346 1.54292 1.15163 1.68713 1.67529 1.42986 2.16428 2.11368 2.01688 1.95875 
1.4487 1.66415 2.01587 1.55684 1.4819 1.84338 1.72494 1.9044 1.51311 2.04861 2.03677 1.79134 2.52576 2.47516 2.37836 2.32023 
1.33025 1.5457 1.89742 1.43839 1.36346 1.72494 1.60649 1.78595 1.39466 1.93017 1.91833 1.67289 2.40732 2.35672 2.25991 2.20179 
1.50971 1.72517 2.07688 1.61786 1.54292 1.9044 1.78595 1.96541 1.57412 2.10963 2.09779 1.85236 2.58678 2.53618 2.43937 2.38125 
1.11842 1.33387 1.68559 1.22656 1.15163 1.51311 1.39466 1.57412 1.18283 1.71834 1.7065 1.46106 2.19549 2.14489 2.04808 1.98996 
1.65393 1.86938 2.2211 1.76207 1.68713 2.04861 1.93017 2.10963 1.71834 2.25384 2.242 1.99657 2.73099 2.68039 2.58359 2.52546 
1.64209 1.85754 2.20926 1.75023 1.67529 2.03677 1.91833 2.09779 1.7065 2.242 2.23017 1.98473 2.71916 2.66855 2.57175 2.51362 
1.39666 1.61211 1.96383 1.5048 1.42986 1.79134 1.67289 1.85236 1.46106 1.99657 1.98473 1.7393 2.47372 2.42312 2.32632 2.26819 
2.13108 2.34653 2.69825 2.23922 2.16428 2.52576 2.40732 2.58678 2.19549 2.73099 2.71916 2.47372 3.20814 3.15754 3.06074 3.00261 
2.08048 2.29593 2.64765 2.18862 2.11368 2.47516 2.35672 2.53618 2.14489 2.68039 2.66855 2.42312 3.15754 3.10694 3.01014 2.95201 
1.98367 2.19913 2.55084 2.09182 2.01688 2.37836 2.25991 2.43937 2.04808 2.58359 2.57175 2.32632 3.06074 3.01014 2.91333 2.85521 
1.92555 2.141 2.49272 2.03369 1.95875 2.32023 2.20179 2.38125 1.98996 2.52546 2.51362 2.26819 3.00261 2.95201 2.85521 2.79708 
11
2.21771 2.04805 2.04743 2.58424 2.31719 2.52489 1.75145 2.41982 2.57452 1.46499 1.67757 1.38622 1.85763 1.81719 1.8377 2.00036 
2.04805 1.87839 1.87777 2.41458 2.14753 2.35523 1.58179 2.25016 2.40486 1.29533 1.50791 1.21656 1.68797 1.64753 1.66805 1.8307 
2.04743 1.87777 1.87715 2.41396 2.14691 2.35461 1.58117 2.24954 2.40424 1.29471 1.50729 1.21594 1.68735 1.64691 1.66743 1.83008 
2.58424 2.41458 2.41396 2.95078 2.68372 2.89142 2.11798 2.78635 2.94105 1.83152 2.0441 1.75276 2.22416 2.18372 2.20424 2.36689 
2.31719 2.14753 2.14691 2.68372 2.41667 2.62437 1.85093 2.5193 2.674 1.56447 1.77705 1.4857 1.95711 1.91667 1.93718 2.09984 
2.52489 2.35523 2.35461 2.89142 2.62437 2.83207 2.05863 2.727 2.8817 1.77217 1.98475 1.6934 2.16481 2.12437 2.14489 2.30754 
1.75145 1.58179 1.58117 2.11798 1.85093 2.05863 1.28518 1.95355 2.10826 0.998725 1.2113 0.919961 1.39137 1.35093 1.37144 1.5341 
2.41982 2.25016 2.24954 2.78635 2.5193 2.727 1.95355 2.62192 2.77663 1.66709 1.87968 1.58833 2.05974 2.0193 2.03981 2.20247 
2.57452 2.40486 2.40424 2.94105 2.674 2.8817 2.10826 2.77663 2.93133 1.8218 2.03438 1.74304 2.21444 2.174 2.19452 2.35717 
1.46499 1.29533 1.29471 1.83152 1.56447 1.77217 0.998725 1.66709 1.8218 0.712265 0.924846 0.633502 1.10491 1.06447 1.08498 1.24764 
1.67757 1.50791 1.50729 2.0441 1.77705 1.98475 1.2113 1.87968 2.03438 0.924846 1.13743 0.846082 1.31749 1.27705 1.29756 1.46022 
1.38622 1.21656 1.21594 1.75276 1.4857 1.6934 0.919961 1.58833 1.74304 0.633502 0.846082 0.554738 1.02614 0.985702 1.00622 1.16887 
1.85763 1.68797 1.68735 2.22416 1.95711 2.16481 1.39137 2.05974 2.21444 1.10491 1.31749 1.02614 1.49755 1.45711 1.47762 1.64028 
1.81719 1.64753 1.64691 2.18372 1.91667 2.12437 1.35093 2.0193 2.174 1.06447 1.27705 0.985702 1.45711 1.41667 1.43718 1.59984 
1.8377 1.66805 1.66743 2.20424 1.93718 2.14489 1.37144 2.03981 2.19452 1.08498 1.29756 1.00622 1.47762 1.43718 1.4577 1.62035 
2.00036 1.8307 1.83008 2.36689 2.09984 2.30754 1.5341 2.20247 2.35717 1.24764 1.46022 1.16887 1.64028 1.59984 1.62035 1.78301 
12
2.21771 2.04805 2.04743 2.58424 2.31719 2.52489 1.75145 2.41982 2.57452 1.46499 1.67757 1.38622 1.85763 1.81719 1.8377 2.00036 
2.04805 1.87839 1.87777 2.41458 2.14753 2.35523 1.58179 2.25016 2.40486 1.29533 1.50791 1.21656 1.68797 1.64753 1.66805 1.8307 
2.04743 1.87777 1.87715 2.41396 2.14691 2.35461 1.58117 2.24954 2.40424 1.29471 1.50729 1.21594 1.68735 1.64691 1.66743 1.83008 
2.58424 2.41458 2.41396 2.95078 2.68372 2.89142 2.11798 2.78635 2.94105 1.83152 2.0441 1.75276 2.22416 2.18372 2.20424 2.36689 
2.31719 2.14753 2.14691 2.68372 2.41667 2.62437 1.85093 2.5193 2.674 1.56447 1.77705 1.4857 1.95711 1.91667 1.93718 2.09984 
2.52489 2.35523 2.35461 2.89142 2.62437 2.83207 2.05863 2.727 2.8817 1.77217 1.98475 1.6934 2.16481 2.12437 2.14489 2.30754 
1.75145 1.58179 1.58117 2.11798 1.85093 2.05863 1.28518 1.95355 2.10826 0.998725 1.2113 0.919961 1.39137 1.35093 1.37144 1.5341 
2.41982 2.25016 2.24954 2.78635 2.5193 2.727 1.95355 2.62192 2.77663 1.66709 1.87968 1.58833 2.05974 2.0193 2.03981 2.20247 
2.57452 2.40486 2.40424 2.94105 2.674 2.8817 2.10826 2.77663 2.93133 1.8218 2.03438 1.74304 2.21444 2.174 2.19452 2.35717 
1.46499 1.29533 1.29471 1.83152 1.56447 1.77217 0.998725 1.66709 1.8218 0.712265 0.924846 0.633502 1.10491 1.06447 1.08498 1.24764 
1.67757 1.50791 1.50729 2.0441 1.77705 1.98475 1.2113 1.87968 2.03438 0.924846 1.13743 0.846082 1.31749 1.27705 1.29756 1.46022 
1.38622 1.21656 1.21594 1.75276 1.4857 1.6934 0.919961 1.58833 1.74304 0.633502 0.846082 0.554738 1.02614 0.985702 1.00622 1.16887 
1.85763 1.68797 1.68735 2.22416 1.95711 2.16481 1.39137 2.05974 2.21444 1.10491 1.31749 1.02614 1.49755 1.45711 1.47762 1.64028 
1.81719 1.64753 1.64691 2.18372 1.91667 2.12437 1.35093 2.0193 2.174 1.06447 1.27705 0.985702 1.45711 1.41667 1.43718 1.59984 
1.8377 1.66805 1.66743 2.20424 1.93718 2.14489 1.37144 2.03981 2.19452 1.08498 1.29756 1.00622 1.47762 1.43718 1.4577 1.62035 
2.00036 1.8307 1.83008 2.36689 2.09984 2.30754 1.5341 2.20247 2.35717 1.24764 1.46022 1.16887 1.64028 1.59984 1.62035 1.78301 
13
2.21771 2.04805 2.04743 2.58424 2.31719 2.52489 1.75145 2.41982 2.57452 1.46499 1.67757 1.38622 1.85763 1.81719 1.8377 2.00036 
2.04805 1.87839 1.87777 2.41458 2.14753 2.35523 1.58179 2.25016 2.40486 1.29533 1.50791 1.21656 1.68797 1.64753 1.66805 1.8307 
2.04743 1.87777 1.87715 2.41396 2.14691 2.35461 1.58117 2.24954 2.40424 1.29471 1.50729 1.21594 1.68735 1.64691 1.66743 1.83008 
2.58424 2.41458 2.41396 2.95078 2.68372 2.89142 2.11798 2.78635 2.94105 1.83152 2.0441 1.75276 2.22416 2.18372 2.20424 2.36689 
2.31719 2.14753 2.14691 2.68372 2.41667 2.62437 1.85093 2.5193 2.674 1.56447 1.77705 1.4857 1.95711 1.91667 1.93718 2.09984 
2.52489 2.35523 2.35461 2.89142 2.62437 2.83207 2.05863 2.727 2.8817 1.77217 1.98475 1.6934 2.16481 2.12437 2.14489 2.30754 
1.75145 1.58179 1.58117 2.11798 1.85093 2.05863 1.28518 1.95355 2.10826 0.998725 1.2113 0.919961 1.39137 1.35093 1.37144 1.5341 
2.41982 2.25016 2.24954 2.78635 2.5193 2.727 1.95355 2.62192 2.77663 1.66709 1.87968 1.58833 2.05974 2.0193 2.03981 2.20247 
2.57452 2.40486 2.40424 2.94105 2.674 2.8817 2.10826 2.77663 2.93133 1.8218 2.03438 1.74304 2.21444 2.174 2.19452 2.35717 
1.46499 1.29533 1.29471 1.83152 1.56447 1.77217 0.998725 1.66709 1.8218 0.712265 0.924846 0.633502 1.10491 1.06447 1.08498 1.24764 
1.67757 1.50791 1.50729 2.0441 1.77705 1.98475 1.2113 1.87968 2.03438 0.924846 1.13743 0.846082 1.31749 1.27705 1.29756 1.46022 
1.38622 1.21656 1.21594 1.75276 1.4857 1.6934 0.919961 1.58833 1.74304 0.633502 0.846082 0.554738 1.02614 0.985702 1.00622 1.16887 
1.85763 1.68797 1.68735 2.22416 1.95711 2.16481 1.39137 2.05974 2.21444 1.10491 1.31749 1.02614 1.49755 1.45711 1.47762 1.64028 
1.81719 1.64753 1.64691 2.18372 1.91667 2.12437 1.35093 2.0193 2.174 1.06447 1.27705 0.985702 1.45711 1.41667 1.43718 1.59984 
1.8377 1.66805 1.66743 2.20424 1.93718 2.14489 1.37144 2.03981 2.19452 1.08498 1.29756 1.00622 1.47762 1.43718 1.4577 1.62035 
2.00036 1.8307 1.83008 2.36689 2.09984 2.30754 1.5341 2.20247 2.35717 1.24764 1.46022 1.16887 1.64028 1.59984 1.62035 1.78301 
14
2.21771 2.04805 2.04743 2.58424 2.31719 2.52489 1.75145 2.41982 2.57452 1.46499 1.67757 1.38622 1.85763 1.81719 1.8377 2.00036 
2.04805 1.87839 1.87777 2.41458 2.14753 2.35523 1.58179 2.25016 2.40486 1.29533 1.50791 1.21656 1.68797 1.64753 1.66805 1.8307 
2.04743 1.87777 1.87715 2.41396 2.14691 2.35461 1.58117 2.24954 2.40424 1.29471 1.50729 1.21594 1.68735 1.64691 1.66743 1.83008 
2.58424 2.41458 2.41396 2.95078 2.68372 2.89142 2.11798 2.78635 2.94105 1.83152 2.0441 1.75276 2.22416 2.18372 2.20424 2.36689 
2.31719 2.14753 2.14691 2.68372 2.41667 2.62437 1.85093 2.5193 2.674 1.56447 1.77705 1.4857 1.95711 1.91667 1.93718 2.09984 
2.52489 2.35523 2.35461 2.89142 2.62437 2.83207 2.05863 2.727 2.8817 1.77217 1.98475 1.6934 2.16481 2.12437 2.14489 2.30754 
1.75145 1.58179 1.58117 2.11798 1.85093 2.05863 1.28518 1.95355 2.10826 0.998725 1.2113 0.919961 1.39137 1.35093 1.37144 1.5341 
2.41982 2.25016 2.24954 2.78635 2.5193 2.727 1.95355 2.62192 2.77663 1.66709 1.87968 1.58833 2.05974 2.0193 2.03981 2.20247 
2.57452 2.40486 2.40424 2.94105 2.674 2.8817 2.10826 2.77663 2.93133 1.8218 2.03438 1.74304 2.21444 2.174 2.19452 2.35717 
1.46499 1.29533 1.29471 1.83152 1.56447 1.77217 0.998725 1.66709 1.8218 0.712265 0.924846 0.633502 1.10491 1.06447 1.08498 1.24764 
1.67757 1.50791 1.50729 2.0441 1.77705 1.98475 1.2113 1.87968 2.03438 0.924846 1.13743 0.846082 1.31749 1.27705 1.29756 1.46022 
1.38622 1.21656 1.21594 1.75276 1.4857 1.6934 0.919961 1.58833 1.74304 0.633502 0.846082 0.554738 1.02614 0.985702 1.00622 1.16887 
1.85763 1.68797 1.68735 2.22416 1.95711 2.16481 1.39137 2.05974 2.21444 1.10491 1.31749 1.02614 1.49755 1.45711 1.47762 1.64028 
1.81719 1.64753 1.64691 2.18372 1.91667 2.12437 1.35093 2.0193 2.174 1.06447 1.27705 0.985702 1.45711 1.41667 1.43718 1.59984 
1.8377 1.66805 1.66743 2.20424 1.93718 2.14489 1.37144 2.03981 2.19452 1.08498 1.29756 1.00622 1.47762 1.43718 1.4577 1.62035 
2.00036 1.8307 1.83008 2.36689 2.09984 2.30754 1.5341 2.20247 2.35717 1.24764 1.46022 1.16887 1.64028 1.59984 1.62035 1.78301 
15
2.21771 2.04805 2.04743 2.58424 2.31719 2.52489 1.75145 2.41982 2.57452 1.46499 1.67757 1.38622 1.85763 1.81719 1.8377 2.00036 
