R3P22-V1
3
22
30
30
10 1 2 3 4 5 6 7 8 9 10
10 11 12 13 14 15 16 17 18 19 20
10 21 22 23 24 25 26 27 28 29 30
3 1 2 3
5 1 2 3 4 5
4 1 2 3 4
2 1 2
4 1 2 3 4
1 1
1 1
2 1 2
5 1 2 3 4 5
4 1 2 3 4
3 1 2 3
2 1 2
5 1 2 3 4 5
1 1
1 1
4 1 2 3 4
3 1 2 3
1 1
4 1 2 3 4
3 1 2 3
4 1 2 3 4
4 1 2 3 4
0.485341 0.700793 1.05251 0.593483 0.518545 0.880025 0.761577 0.94104 0.549747 1.08525 0.880025 0.827983 1.56241 1.51181 1.415 1.35688 0.554777 0.975819 1.30682 1.53912 0.926163 1.25477 
1.424 0.687184 0.46428 1.66667 1.11803 1.17851 0.372678 1 1.53659 0.795124 0.527046 0.333333 0.666667 0.971825 0.372678 0.333333 1.17851 1.05409 1.20185 1.57233 1.67498 1.69967 
0.833333 1.53659 1.68457 1.33333 1.57233 1.90029 1.34371 1.88562 1.53659 0.674125 0.849837 1.05409 1.37437 0.971825 1.5 1.69967 0.527046 0.333333 0.471405 0.5 0.600925 0.333333 
0.485341 1.424 0.833333 
0.700793 0.687184 1.53659 
1.05251 0.46428 1.68457 
0.593483 1.66667 1.33333 
0.518545 1.11803 1.57233 
0.880025 1.17851 1.90029 
0.761577 0.372678 1.34371 
0.94104 1 1.88562 
0.549747 1.53659 1.53659 
1.08525 0.795124 0.674125 
0.880025 0.527046 0.849837 
0.827983 0.333333 1.05409 
1.56241 0.666667 1.37437 
1.51181 0.971825 0.971825 
1.415 0.372678 1.5 
1.35688 0.333333 1.69967 
0.554777 1.17851 0.527046 
0.975819 1.05409 0.333333 
1.30682 1.20185 0.471405 
1.53912 1.57233 0.5 
0.926163 1.67498 0.600925 
1.25477 1.69967 0.333333 
1
3 0.166667 0.166667 0.166667
5 0.166667 0.166667 0.166667 0.166667 0.166667
4 0.166667 0.166667 0.166667 0.166667
2 0.166667 0.166667
4 0.166667 0.166667 0.166667 0.166667
1 0.166667
1 0.166667
2 0.166667 0.166667
5 0.166667 0.166667 0.166667 0.166667 0.166667
4 0.166667 0.166667 0.166667 0.166667
3 0.166667 0.166667 0.166667
2 0.166667 0.166667
5 0.166667 0.166667 0.166667 0.166667 0.166667
1 0.166667
1 0.166667
4 0.166667 0.166667 0.166667 0.166667
3 0.166667 0.166667 0.166667
1 0.166667
4 0.166667 0.166667 0.166667 0.166667
3 0.166667 0.166667 0.166667
4 0.166667 0.166667 0.166667 0.166667
4 0.166667 0.166667 0.166667 0.166667
2
3 0.166667 0.166667 0.166667
5 0.166667 0.166667 0.166667 0.166667 0.166667
4 0.166667 0.166667 0.166667 0.166667
2 0.166667 0.166667
4 0.166667 0.166667 0.166667 0.166667
1 0.166667
1 0.166667
2 0.166667 0.166667
5 0.166667 0.166667 0.166667 0.166667 0.166667
4 0.166667 0.166667 0.166667 0.166667
3 0.166667 0.166667 0.166667
2 0.166667 0.166667
5 0.166667 0.166667 0.166667 0.166667 0.166667
1 0.166667
1 0.166667
4 0.166667 0.166667 0.166667 0.166667
3 0.166667 0.166667 0.166667
1 0.166667
4 0.166667 0.166667 0.166667 0.166667
3 0.166667 0.166667 0.166667
4 0.166667 0.166667 0.166667 0.166667
4 0.166667 0.166667 0.166667 0.166667
3
3 0.166667 0.166667 0.166667
5 0.166667 0.166667 0.166667 0.166667 0.166667
4 0.166667 0.166667 0.166667 0.166667
2 0.166667 0.166667
4 0.166667 0.166667 0.166667 0.166667
1 0.166667
1 0.166667
2 0.166667 0.166667
5 0.166667 0.166667 0.166667 0.166667 0.166667
4 0.166667 0.166667 0.166667 0.166667
3 0.166667 0.166667 0.166667
2 0.166667 0.166667
5 0.166667 0.166667 0.166667 0.166667 0.166667
1 0.166667
1 0.166667
4 0.166667 0.166667 0.166667 0.166667
3 0.166667 0.166667 0.166667
1 0.166667
4 0.166667 0.166667 0.166667 0.166667
3 0.166667 0.166667 0.166667
4 0.166667 0.166667 0.166667 0.166667
4 0.166667 0.166667 0.166667 0.166667
4
3 0.166667 0.166667 0.166667
5 0.166667 0.166667 0.166667 0.166667 0.166667
4 0.166667 0.166667 0.166667 0.166667
2 0.166667 0.166667
4 0.166667 0.166667 0.166667 0.166667
1 0.166667
1 0.166667
2 0.166667 0.166667
5 0.166667 0.166667 0.166667 0.166667 0.166667
4 0.166667 0.166667 0.166667 0.166667
3 0.166667 0.166667 0.166667
2 0.166667 0.166667
5 0.166667 0.166667 0.166667 0.166667 0.166667
1 0.166667
1 0.166667
4 0.166667 0.166667 0.166667 0.166667
3 0.166667 0.166667 0.166667
1 0.166667
4 0.166667 0.166667 0.166667 0.166667
3 0.166667 0.166667 0.166667
4 0.166667 0.166667 0.166667 0.166667
4 0.166667 0.166667 0.166667 0.166667
5
3 0.166667 0.166667 0.166667
5 0.166667 0.166667 0.166667 0.166667 0.166667
4 0.166667 0.166667 0.166667 0.166667
2 0.166667 0.166667
4 0.166667 0.166667 0.166667 0.166667
1 0.166667
1 0.166667
2 0.166667 0.166667
5 0.166667 0.166667 0.166667 0.166667 0.166667
4 0.166667 0.166667 0.166667 0.166667
3 0.166667 0.166667 0.166667
2 0.166667 0.166667
5 0.166667 0.166667 0.166667 0.166667 0.166667
1 0.166667
1 0.166667
4 0.166667 0.166667 0.166667 0.166667
3 0.166667 0.166667 0.166667
1 0.166667
4 0.166667 0.166667 0.166667 0.166667
3 0.166667 0.166667 0.166667
4 0.166667 0.166667 0.166667 0.166667
4 0.166667 0.166667 0.166667 0.166667
6
3 0.166667 0.166667 0.166667
5 0.166667 0.166667 0.166667 0.166667 0.166667
4 0.166667 0.166667 0.166667 0.166667
2 0.166667 0.166667
4 0.166667 0.166667 0.166667 0.166667
1 0.166667
1 0.166667
2 0.166667 0.166667
5 0.166667 0.166667 0.166667 0.166667 0.166667
4 0.166667 0.166667 0.166667 0.166667
3 0.166667 0.166667 0.166667
2 0.166667 0.166667
5 0.166667 0.166667 0.166667 0.166667 0.166667
1 0.166667
1 0.166667
4 0.166667 0.166667 0.166667 0.166667
3 0.166667 0.166667 0.166667
1 0.166667
4 0.166667 0.166667 0.166667 0.166667
3 0.166667 0.166667 0.166667
4 0.166667 0.166667 0.166667 0.166667
4 0.166667 0.166667 0.166667 0.166667
7
3 0.166667 0.166667 0.166667
5 0.166667 0.166667 0.166667 0.166667 0.166667
4 0.166667 0.166667 0.166667 0.166667
2 0.166667 0.166667
4 0.166667 0.166667 0.166667 0.166667
1 0.166667
1 0.166667
2 0.166667 0.166667
5 0.166667 0.166667 0.166667 0.166667 0.166667
4 0.166667 0.166667 0.166667 0.166667
3 0.166667 0.166667 0.166667
2 0.166667 0.166667
5 0.166667 0.166667 0.166667 0.166667 0.166667
1 0.166667
1 0.166667
4 0.166667 0.166667 0.166667 0.166667
3 0.166667 0.166667 0.166667
1 0.166667
4 0.166667 0.166667 0.166667 0.166667
3 0.166667 0.166667 0.166667
4 0.166667 0.166667 0.166667 0.166667
4 0.166667 0.166667 0.166667 0.166667
8
3 0.166667 0.166667 0.166667
5 0.166667 0.166667 0.166667 0.166667 0.166667
4 0.166667 0.166667 0.166667 0.166667
2 0.166667 0.166667
4 0.166667 0.166667 0.166667 0.166667
1 0.166667
1 0.166667
2 0.166667 0.166667
5 0.166667 0.166667 0.166667 0.166667 0.166667
4 0.166667 0.166667 0.166667 0.166667
3 0.166667 0.166667 0.166667
2 0.166667 0.166667
5 0.166667 0.166667 0.166667 0.166667 0.166667
1 0.166667
1 0.166667
4 0.166667 0.166667 0.166667 0.166667
3 0.166667 0.166667 0.166667
1 0.166667
4 0.166667 0.166667 0.166667 0.166667
3 0.166667 0.166667 0.166667
4 0.166667 0.166667 0.166667 0.166667
4 0.166667 0.166667 0.166667 0.166667
9
3 0.166667 0.166667 0.166667
5 0.166667 0.166667 0.166667 0.166667 0.166667
4 0.166667 0.166667 0.166667 0.166667
2 0.166667 0.166667
4 0.166667 0.166667 0.166667 0.166667
1 0.166667
1 0.166667
2 0.166667 0.166667
5 0.166667 0.166667 0.166667 0.166667 0.166667
4 0.166667 0.166667 0.166667 0.166667
3 0.166667 0.166667 0.166667
2 0.166667 0.166667
5 0.166667 0.166667 0.166667 0.166667 0.166667
1 0.166667
1 0.166667
4 0.166667 0.166667 0.166667 0.166667
3 0.166667 0.166667 0.166667
1 0.166667
4 0.166667 0.166667 0.166667 0.166667
3 0.166667 0.166667 0.166667
4 0.166667 0.166667 0.166667 0.166667
4 0.166667 0.166667 0.166667 0.166667
10
3 0.166667 0.166667 0.166667
5 0.166667 0.166667 0.166667 0.166667 0.166667
4 0.166667 0.166667 0.166667 0.166667
2 0.166667 0.166667
4 0.166667 0.166667 0.166667 0.166667
1 0.166667
1 0.166667
2 0.166667 0.166667
5 0.166667 0.166667 0.166667 0.166667 0.166667
4 0.166667 0.166667 0.166667 0.166667
3 0.166667 0.166667 0.166667
2 0.166667 0.166667
5 0.166667 0.166667 0.166667 0.166667 0.166667
1 0.166667
1 0.166667
4 0.166667 0.166667 0.166667 0.166667
3 0.166667 0.166667 0.166667
1 0.166667
4 0.166667 0.166667 0.166667 0.166667
3 0.166667 0.166667 0.166667
4 0.166667 0.166667 0.166667 0.166667
4 0.166667 0.166667 0.166667 0.166667
11
3 0.166667 0.166667 0.166667
5 0.166667 0.166667 0.166667 0.166667 0.166667
4 0.166667 0.166667 0.166667 0.166667
2 0.166667 0.166667
4 0.166667 0.166667 0.166667 0.166667
1 0.166667
1 0.166667
2 0.166667 0.166667
5 0.166667 0.166667 0.166667 0.166667 0.166667
4 0.166667 0.166667 0.166667 0.166667
3 0.166667 0.166667 0.166667
2 0.166667 0.166667
5 0.166667 0.166667 0.166667 0.166667 0.166667
1 0.166667
1 0.166667
4 0.166667 0.166667 0.166667 0.166667
3 0.166667 0.166667 0.166667
1 0.166667
4 0.166667 0.166667 0.166667 0.166667
3 0.166667 0.166667 0.166667
4 0.166667 0.166667 0.166667 0.166667
4 0.166667 0.166667 0.166667 0.166667
12
3 0.166667 0.166667 0.166667
5 0.166667 0.166667 0.166667 0.166667 0.166667
4 0.166667 0.166667 0.166667 0.166667
2 0.166667 0.166667
4 0.166667 0.166667 0.166667 0.166667
1 0.166667
1 0.166667
2 0.166667 0.166667
5 0.166667 0.166667 0.166667 0.166667 0.166667
4 0.166667 0.166667 0.166667 0.166667
3 0.166667 0.166667 0.166667
2 0.166667 0.166667
5 0.166667 0.166667 0.166667 0.166667 0.166667
1 0.166667
1 0.166667
4 0.166667 0.166667 0.166667 0.166667
3 0.166667 0.166667 0.166667
1 0.166667
4 0.166667 0.166667 0.166667 0.166667
3 0.166667 0.166667 0.166667
4 0.166667 0.166667 0.166667 0.166667
4 0.166667 0.166667 0.166667 0.166667
13
3 0.166667 0.166667 0.166667
5 0.166667 0.166667 0.166667 0.166667 0.166667
4 0.166667 0.166667 0.166667 0.166667
2 0.166667 0.166667
4 0.166667 0.166667 0.166667 0.166667
1 0.166667
1 0.166667
2 0.166667 0.166667
5 0.166667 0.166667 0.166667 0.166667 0.166667
4 0.166667 0.166667 0.166667 0.166667
3 0.166667 0.166667 0.166667
2 0.166667 0.166667
5 0.166667 0.166667 0.166667 0.166667 0.166667
1 0.166667
1 0.166667
4 0.166667 0.166667 0.166667 0.166667
3 0.166667 0.166667 0.166667
1 0.166667
4 0.166667 0.166667 0.166667 0.166667
3 0.166667 0.166667 0.166667
4 0.166667 0.166667 0.166667 0.166667
4 0.166667 0.166667 0.166667 0.166667
14
3 0.166667 0.166667 0.166667
5 0.166667 0.166667 0.166667 0.166667 0.166667
4 0.166667 0.166667 0.166667 0.166667
2 0.166667 0.166667
4 0.166667 0.166667 0.166667 0.166667
1 0.166667
1 0.166667
2 0.166667 0.166667
5 0.166667 0.166667 0.166667 0.166667 0.166667
4 0.166667 0.166667 0.166667 0.166667
3 0.166667 0.166667 0.166667
2 0.166667 0.166667
5 0.166667 0.166667 0.166667 0.166667 0.166667
1 0.166667
1 0.166667
4 0.166667 0.166667 0.166667 0.166667
3 0.166667 0.166667 0.166667
1 0.166667
4 0.166667 0.166667 0.166667 0.166667
3 0.166667 0.166667 0.166667
4 0.166667 0.166667 0.166667 0.166667
4 0.166667 0.166667 0.166667 0.166667
15
3 0.166667 0.166667 0.166667
5 0.166667 0.166667 0.166667 0.166667 0.166667
4 0.166667 0.166667 0.166667 0.166667
2 0.166667 0.166667
4 0.166667 0.166667 0.166667 0.166667
1 0.166667
1 0.166667
2 0.166667 0.166667
5 0.166667 0.166667 0.166667 0.166667 0.166667
4 0.166667 0.166667 0.166667 0.166667
3 0.166667 0.166667 0.166667
2 0.166667 0.166667
5 0.166667 0.166667 0.166667 0.166667 0.166667
1 0.166667
1 0.166667
4 0.166667 0.166667 0.166667 0.166667
3 0.166667 0.166667 0.166667
1 0.166667
4 0.166667 0.166667 0.166667 0.166667
3 0.166667 0.166667 0.166667
4 0.166667 0.166667 0.166667 0.166667
4 0.166667 0.166667 0.166667 0.166667
16
3 0.166667 0.166667 0.166667
5 0.166667 0.166667 0.166667 0.166667 0.166667
4 0.166667 0.166667 0.166667 0.166667
2 0.166667 0.166667
4 0.166667 0.166667 0.166667 0.166667
1 0.166667
1 0.166667
2 0.166667 0.166667
5 0.166667 0.166667 0.166667 0.166667 0.166667
4 0.166667 0.166667 0.166667 0.166667
3 0.166667 0.166667 0.166667
2 0.166667 0.166667
5 0.166667 0.166667 0.166667 0.166667 0.166667
1 0.166667
1 0.166667
4 0.166667 0.166667 0.166667 0.166667
3 0.166667 0.166667 0.166667
1 0.166667
4 0.166667 0.166667 0.166667 0.166667
3 0.166667 0.166667 0.166667
4 0.166667 0.166667 0.166667 0.166667
4 0.166667 0.166667 0.166667 0.166667
17
3 0.166667 0.166667 0.166667
5 0.166667 0.166667 0.166667 0.166667 0.166667
4 0.166667 0.166667 0.166667 0.166667
2 0.166667 0.166667
4 0.166667 0.166667 0.166667 0.166667
1 0.166667
1 0.166667
2 0.166667 0.166667
5 0.166667 0.166667 0.166667 0.166667 0.166667
4 0.166667 0.166667 0.166667 0.166667
3 0.166667 0.166667 0.166667
2 0.166667 0.166667
5 0.166667 0.166667 0.166667 0.166667 0.166667
1 0.166667
1 0.166667
4 0.166667 0.166667 0.166667 0.166667
3 0.166667 0.166667 0.166667
1 0.166667
4 0.166667 0.166667 0.166667 0.166667
3 0.166667 0.166667 0.166667
4 0.166667 0.166667 0.166667 0.166667
4 0.166667 0.166667 0.166667 0.166667
18
3 0.166667 0.166667 0.166667
5 0.166667 0.166667 0.166667 0.166667 0.166667
4 0.166667 0.166667 0.166667 0.166667
2 0.166667 0.166667
4 0.166667 0.166667 0.166667 0.166667
1 0.166667
1 0.166667
2 0.166667 0.166667
5 0.166667 0.166667 0.166667 0.166667 0.166667
4 0.166667 0.166667 0.166667 0.166667
3 0.166667 0.166667 0.166667
2 0.166667 0.166667
5 0.166667 0.166667 0.166667 0.166667 0.166667
1 0.166667
1 0.166667
4 0.166667 0.166667 0.166667 0.166667
3 0.166667 0.166667 0.166667
1 0.166667
4 0.166667 0.166667 0.166667 0.166667
3 0.166667 0.166667 0.166667
4 0.166667 0.166667 0.166667 0.166667
4 0.166667 0.166667 0.166667 0.166667
19
3 0.166667 0.166667 0.166667
5 0.166667 0.166667 0.166667 0.166667 0.166667
4 0.166667 0.166667 0.166667 0.166667
2 0.166667 0.166667
4 0.166667 0.166667 0.166667 0.166667
1 0.166667
1 0.166667
2 0.166667 0.166667
5 0.166667 0.166667 0.166667 0.166667 0.166667
4 0.166667 0.166667 0.166667 0.166667
3 0.166667 0.166667 0.166667
2 0.166667 0.166667
5 0.166667 0.166667 0.166667 0.166667 0.166667
1 0.166667
1 0.166667
4 0.166667 0.166667 0.166667 0.166667
3 0.166667 0.166667 0.166667
1 0.166667
4 0.166667 0.166667 0.166667 0.166667
3 0.166667 0.166667 0.166667
4 0.166667 0.166667 0.166667 0.166667
4 0.166667 0.166667 0.166667 0.166667
20
3 0.166667 0.166667 0.166667
5 0.166667 0.166667 0.166667 0.166667 0.166667
4 0.166667 0.166667 0.166667 0.166667
2 0.166667 0.166667
4 0.166667 0.166667 0.166667 0.166667
1 0.166667
1 0.166667
2 0.166667 0.166667
5 0.166667 0.166667 0.166667 0.166667 0.166667
4 0.166667 0.166667 0.166667 0.166667
3 0.166667 0.166667 0.166667
2 0.166667 0.166667
5 0.166667 0.166667 0.166667 0.166667 0.166667
1 0.166667
1 0.166667
4 0.166667 0.166667 0.166667 0.166667
3 0.166667 0.166667 0.166667
1 0.166667
4 0.166667 0.166667 0.166667 0.166667
3 0.166667 0.166667 0.166667
4 0.166667 0.166667 0.166667 0.166667
4 0.166667 0.166667 0.166667 0.166667
21
3 0.166667 0.166667 0.166667
5 0.166667 0.166667 0.166667 0.166667 0.166667
4 0.166667 0.166667 0.166667 0.166667
2 0.166667 0.166667
4 0.166667 0.166667 0.166667 0.166667
1 0.166667
1 0.166667
2 0.166667 0.166667
5 0.166667 0.166667 0.166667 0.166667 0.166667
4 0.166667 0.166667 0.166667 0.166667
3 0.166667 0.166667 0.166667
2 0.166667 0.166667
5 0.166667 0.166667 0.166667 0.166667 0.166667
1 0.166667
1 0.166667
4 0.166667 0.166667 0.166667 0.166667
3 0.166667 0.166667 0.166667
1 0.166667
4 0.166667 0.166667 0.166667 0.166667
3 0.166667 0.166667 0.166667
4 0.166667 0.166667 0.166667 0.166667
4 0.166667 0.166667 0.166667 0.166667
22
3 0.166667 0.166667 0.166667
5 0.166667 0.166667 0.166667 0.166667 0.166667
4 0.166667 0.166667 0.166667 0.166667
2 0.166667 0.166667
4 0.166667 0.166667 0.166667 0.166667
1 0.166667
1 0.166667
2 0.166667 0.166667
5 0.166667 0.166667 0.166667 0.166667 0.166667
4 0.166667 0.166667 0.166667 0.166667
3 0.166667 0.166667 0.166667
2 0.166667 0.166667
5 0.166667 0.166667 0.166667 0.166667 0.166667
1 0.166667
1 0.166667
4 0.166667 0.166667 0.166667 0.166667
3 0.166667 0.166667 0.166667
1 0.166667
4 0.166667 0.166667 0.166667 0.166667
3 0.166667 0.166667 0.166667
4 0.166667 0.166667 0.166667 0.166667
4 0.166667 0.166667 0.166667 0.166667
23
3 0.166667 0.166667 0.166667
5 0.166667 0.166667 0.166667 0.166667 0.166667
4 0.166667 0.166667 0.166667 0.166667
2 0.166667 0.166667
4 0.166667 0.166667 0.166667 0.166667
1 0.166667
1 0.166667
2 0.166667 0.166667
5 0.166667 0.166667 0.166667 0.166667 0.166667
4 0.166667 0.166667 0.166667 0.166667
3 0.166667 0.166667 0.166667
2 0.166667 0.166667
5 0.166667 0.166667 0.166667 0.166667 0.166667
1 0.166667
1 0.166667
4 0.166667 0.166667 0.166667 0.166667
3 0.166667 0.166667 0.166667
1 0.166667
4 0.166667 0.166667 0.166667 0.166667
3 0.166667 0.166667 0.166667
4 0.166667 0.166667 0.166667 0.166667
4 0.166667 0.166667 0.166667 0.166667
24
3 0.166667 0.166667 0.166667
5 0.166667 0.166667 0.166667 0.166667 0.166667
4 0.166667 0.166667 0.166667 0.166667
2 0.166667 0.166667
4 0.166667 0.166667 0.166667 0.166667
1 0.166667
1 0.166667
2 0.166667 0.166667
5 0.166667 0.166667 0.166667 0.166667 0.166667
4 0.166667 0.166667 0.166667 0.166667
3 0.166667 0.166667 0.166667
2 0.166667 0.166667
5 0.166667 0.166667 0.166667 0.166667 0.166667
1 0.166667
1 0.166667
4 0.166667 0.166667 0.166667 0.166667
3 0.166667 0.166667 0.166667
1 0.166667
4 0.166667 0.166667 0.166667 0.166667
3 0.166667 0.166667 0.166667
4 0.166667 0.166667 0.166667 0.166667
4 0.166667 0.166667 0.166667 0.166667
25
3 0.166667 0.166667 0.166667
5 0.166667 0.166667 0.166667 0.166667 0.166667
4 0.166667 0.166667 0.166667 0.166667
2 0.166667 0.166667
4 0.166667 0.166667 0.166667 0.166667
1 0.166667
1 0.166667
2 0.166667 0.166667
5 0.166667 0.166667 0.166667 0.166667 0.166667
4 0.166667 0.166667 0.166667 0.166667
3 0.166667 0.166667 0.166667
2 0.166667 0.166667
5 0.166667 0.166667 0.166667 0.166667 0.166667
1 0.166667
1 0.166667
4 0.166667 0.166667 0.166667 0.166667
3 0.166667 0.166667 0.166667
1 0.166667
4 0.166667 0.166667 0.166667 0.166667
3 0.166667 0.166667 0.166667
4 0.166667 0.166667 0.166667 0.166667
4 0.166667 0.166667 0.166667 0.166667
26
3 0.166667 0.166667 0.166667
5 0.166667 0.166667 0.166667 0.166667 0.166667
4 0.166667 0.166667 0.166667 0.166667
2 0.166667 0.166667
4 0.166667 0.166667 0.166667 0.166667
1 0.166667
1 0.166667
2 0.166667 0.166667
5 0.166667 0.166667 0.166667 0.166667 0.166667
4 0.166667 0.166667 0.166667 0.166667
3 0.166667 0.166667 0.166667
2 0.166667 0.166667
5 0.166667 0.166667 0.166667 0.166667 0.166667
1 0.166667
1 0.166667
4 0.166667 0.166667 0.166667 0.166667
3 0.166667 0.166667 0.166667
1 0.166667
4 0.166667 0.166667 0.166667 0.166667
3 0.166667 0.166667 0.166667
4 0.166667 0.166667 0.166667 0.166667
4 0.166667 0.166667 0.166667 0.166667
27
3 0.166667 0.166667 0.166667
5 0.166667 0.166667 0.166667 0.166667 0.166667
4 0.166667 0.166667 0.166667 0.166667
2 0.166667 0.166667
4 0.166667 0.166667 0.166667 0.166667
1 0.166667
1 0.166667
2 0.166667 0.166667
5 0.166667 0.166667 0.166667 0.166667 0.166667
4 0.166667 0.166667 0.166667 0.166667
3 0.166667 0.166667 0.166667
2 0.166667 0.166667
5 0.166667 0.166667 0.166667 0.166667 0.166667
1 0.166667
1 0.166667
4 0.166667 0.166667 0.166667 0.166667
3 0.166667 0.166667 0.166667
1 0.166667
4 0.166667 0.166667 0.166667 0.166667
3 0.166667 0.166667 0.166667
4 0.166667 0.166667 0.166667 0.166667
4 0.166667 0.166667 0.166667 0.166667
28
3 0.166667 0.166667 0.166667
5 0.166667 0.166667 0.166667 0.166667 0.166667
4 0.166667 0.166667 0.166667 0.166667
2 0.166667 0.166667
4 0.166667 0.166667 0.166667 0.166667
1 0.166667
1 0.166667
2 0.166667 0.166667
5 0.166667 0.166667 0.166667 0.166667 0.166667
4 0.166667 0.166667 0.166667 0.166667
3 0.166667 0.166667 0.166667
2 0.166667 0.166667
5 0.166667 0.166667 0.166667 0.166667 0.166667
1 0.166667
1 0.166667
4 0.166667 0.166667 0.166667 0.166667
3 0.166667 0.166667 0.166667
1 0.166667
4 0.166667 0.166667 0.166667 0.166667
3 0.166667 0.166667 0.166667
4 0.166667 0.166667 0.166667 0.166667
4 0.166667 0.166667 0.166667 0.166667
29
3 0.166667 0.166667 0.166667
5 0.166667 0.166667 0.166667 0.166667 0.166667
4 0.166667 0.166667 0.166667 0.166667
2 0.166667 0.166667
4 0.166667 0.166667 0.166667 0.166667
1 0.166667
1 0.166667
2 0.166667 0.166667
5 0.166667 0.166667 0.166667 0.166667 0.166667
4 0.166667 0.166667 0.166667 0.166667
3 0.166667 0.166667 0.166667
2 0.166667 0.166667
5 0.166667 0.166667 0.166667 0.166667 0.166667
1 0.166667
1 0.166667
4 0.166667 0.166667 0.166667 0.166667
3 0.166667 0.166667 0.166667
1 0.166667
4 0.166667 0.166667 0.166667 0.166667
3 0.166667 0.166667 0.166667
4 0.166667 0.166667 0.166667 0.166667
4 0.166667 0.166667 0.166667 0.166667
30
3 0.166667 0.166667 0.166667
5 0.166667 0.166667 0.166667 0.166667 0.166667
4 0.166667 0.166667 0.166667 0.166667
2 0.166667 0.166667
4 0.166667 0.166667 0.166667 0.166667
1 0.166667
1 0.166667
2 0.166667 0.166667
5 0.166667 0.166667 0.166667 0.166667 0.166667
4 0.166667 0.166667 0.166667 0.166667
3 0.166667 0.166667 0.166667
2 0.166667 0.166667
5 0.166667 0.166667 0.166667 0.166667 0.166667
1 0.166667
1 0.166667
4 0.166667 0.166667 0.166667 0.166667
3 0.166667 0.166667 0.166667
1 0.166667
4 0.166667 0.166667 0.166667 0.166667
3 0.166667 0.166667 0.166667
4 0.166667 0.166667 0.166667 0.166667
4 0.166667 0.166667 0.166667 0.166667
0.166667 0.166667 0.166667 0.166667 0.166667 0.166667 0.166667 0.166667 0.166667 0.166667 0.166667 0.166667 0.166667 0.166667 0.166667 0.166667 0.166667 0.166667 0.166667 0.166667 0.166667 0.166667 
1
1.05401 1.26947 1.62118 1.16216 1.08722 1.4487 1.33025 1.50971 1.11842 1.65393 1.4487 1.39666 2.13108 2.08048 1.98367 1.92555 1.12345 1.54449 1.87549 2.10779 1.49484 1.82344 
1.26947 1.48492 1.83664 1.37761 1.30267 1.66415 1.5457 1.72517 1.33387 1.86938 1.66415 1.61211 2.34653 2.29593 2.19913 2.141 1.3389 1.75995 2.09095 2.32325 1.71029 2.0389 
1.62118 1.83664 2.18835 1.72933 1.65439 2.01587 1.89742 2.07688 1.68559 2.2211 2.01587 1.96383 2.69825 2.64765 2.55084 2.49272 1.69062 2.11166 2.44266 2.67496 2.06201 2.39061 
1.16216 1.37761 1.72933 1.2703 1.19536 1.55684 1.43839 1.61786 1.22656 1.76207 1.55684 1.5048 2.23922 2.18862 2.09182 2.03369 1.23159 1.65264 1.98364 2.21594 1.60298 1.93159 
1.08722 1.30267 1.65439 1.19536 1.12042 1.4819 1.36346 1.54292 1.15163 1.68713 1.4819 1.42986 2.16428 2.11368 2.01688 1.95875 1.15666 1.5777 1.9087 2.141 1.52804 1.85665 
1.4487 1.66415 2.01587 1.55684 1.4819 1.84338 1.72494 1.9044 1.51311 2.04861 1.84338 1.79134 2.52576 2.47516 2.37836 2.32023 1.51814 1.93918 2.27018 2.50248 1.88952 2.21813 
1.33025 1.5457 1.89742 1.43839 1.36346 1.72494 1.60649 1.78595 1.39466 1.93017 1.72494 1.67289 2.40732 2.35672 2.25991 2.20179 1.39969 1.82073 2.15173 2.38403 1.77107 2.09968 
1.50971 1.72517 2.07688 1.61786 1.54292 1.9044 1.78595 1.96541 1.57412 2.10963 1.9044 1.85236 2.58678 2.53618 2.43937 2.38125 1.57915 2.00019 2.33119 2.56349 1.95054 2.27914 
1.11842 1.33387 1.68559 1.22656 1.15163 1.51311 1.39466 1.57412 1.18283 1.71834 1.51311 1.46106 2.19549 2.14489 2.04808 1.98996 1.18786 1.6089 1.9399 2.1722 1.55924 1.88785 
1.65393 1.86938 2.2211 1.76207 1.68713 2.04861 1.93017 2.10963 1.71834 2.25384 2.04861 1.99657 2.73099 2.68039 2.58359 2.52546 1.72337 2.14441 2.47541 2.70771 2.09475 2.42336 
1.4487 1.66415 2.01587 1.55684 1.4819 1.84338 1.72494 1.9044 1.51311 2.04861 1.84338 1.79134 2.52576 2.47516 2.37836 2.32023 1.51814 1.93918 2.27018 2.50248 1.88952 2.21813 
1.39666 1.61211 1.96383 1.5048 1.42986 1.79134 1.67289 1.85236 1.46106 1.99657 1.79134 1.7393 2.47372 2.42312 2.32632 2.26819 1.46609 1.88713 2.21814 2.45044 1.83748 2.16608 
2.13108 2.34653 2.69825 2.23922 2.16428 2.52576 2.40732 2.58678 2.19549 2.73099 2.52576 2.47372 3.20814 3.15754 3.06074 3.00261 2.20052 2.62156 2.95256 3.18486 2.5719 2.90051 
2.08048 2.29593 2.64765 2.18862 2.11368 2.47516 2.35672 2.53618 2.14489 2.68039 2.47516 2.42312 3.15754 3.10694 3.01014 2.95201 2.14992 2.57096 2.90196 3.13426 2.5213 2.84991 
1.98367 2.19913 2.55084 2.09182 2.01688 2.37836 2.25991 2.43937 2.04808 2.58359 2.37836 2.32632 3.06074 3.01014 2.91333 2.85521 2.05311 2.47415 2.80515 3.03745 2.4245 2.7531 
1.92555 2.141 2.49272 2.03369 1.95875 2.32023 2.20179 2.38125 1.98996 2.52546 2.32023 2.26819 3.00261 2.95201 2.85521 2.79708 1.99499 2.41603 2.74703 2.97933 2.36637 2.69498 
1.12345 1.3389 1.69062 1.23159 1.15666 1.51814 1.39969 1.57915 1.18786 1.72337 1.51814 1.46609 2.20052 2.14992 2.05311 1.99499 1.19289 1.61393 1.94493 2.17723 1.56427 1.89288 
1.54449 1.75995 2.11166 1.65264 1.5777 1.93918 1.82073 2.00019 1.6089 2.14441 1.93918 1.88713 2.62156 2.57096 2.47415 2.41603 1.61393 2.03497 2.36597 2.59827 1.98532 2.31392 
1.87549 2.09095 2.44266 1.98364 1.9087 2.27018 2.15173 2.33119 1.9399 2.47541 2.27018 2.21814 2.95256 2.90196 2.80515 2.74703 1.94493 2.36597 2.69697 2.92927 2.31632 2.64492 
2.10779 2.32325 2.67496 2.21594 2.141 2.50248 2.38403 2.56349 2.1722 2.70771 2.50248 2.45044 3.18486 3.13426 3.03745 2.97933 2.17723 2.59827 2.92927 3.16157 2.54862 2.87722 
1.49484 1.71029 2.06201 1.60298 1.52804 1.88952 1.77107 1.95054 1.55924 2.09475 1.88952 1.83748 2.5719 2.5213 2.4245 2.36637 1.56427 1.98532 2.31632 2.54862 1.93566 2.26426 
1.82344 2.0389 2.39061 1.93159 1.85665 2.21813 2.09968 2.27914 1.88785 2.42336 2.21813 2.16608 2.90051 2.84991 2.7531 2.69498 1.89288 2.31392 2.64492 2.87722 2.26426 2.59287 
2
1.05401 1.26947 1.62118 1.16216 1.08722 1.4487 1.33025 1.50971 1.11842 1.65393 1.4487 1.39666 2.13108 2.08048 1.98367 1.92555 1.12345 1.54449 1.87549 2.10779 1.49484 1.82344 
1.26947 1.48492 1.83664 1.37761 1.30267 1.66415 1.5457 1.72517 1.33387 1.86938 1.66415 1.61211 2.34653 2.29593 2.19913 2.141 1.3389 1.75995 2.09095 2.32325 1.71029 2.0389 
1.62118 1.83664 2.18835 1.72933 1.65439 2.01587 1.89742 2.07688 1.68559 2.2211 2.01587 1.96383 2.69825 2.64765 2.55084 2.49272 1.69062 2.11166 2.44266 2.67496 2.06201 2.39061 
1.16216 1.37761 1.72933 1.2703 1.19536 1.55684 1.43839 1.61786 1.22656 1.76207 1.55684 1.5048 2.23922 2.18862 2.09182 2.03369 1.23159 1.65264 1.98364 2.21594 1.60298 1.93159 
1.08722 1.30267 1.65439 1.19536 1.12042 1.4819 1.36346 1.54292 1.15163 1.68713 1.4819 1.42986 2.16428 2.11368 2.01688 1.95875 1.15666 1.5777 1.9087 2.141 1.52804 1.85665 
1.4487 1.66415 2.01587 1.55684 1.4819 1.84338 1.72494 1.9044 1.51311 2.04861 1.84338 1.79134 2.52576 2.47516 2.37836 2.32023 1.51814 1.93918 2.27018 2.50248 1.88952 2.21813 
1.33025 1.5457 1.89742 1.43839 1.36346 1.72494 1.60649 1.78595 1.39466 1.93017 1.72494 1.67289 2.40732 2.35672 2.25991 2.20179 1.39969 1.82073 2.15173 2.38403 1.77107 2.09968 
1.50971 1.72517 2.07688 1.61786 1.54292 1.9044 1.78595 1.96541 1.57412 2.10963 1.9044 1.85236 2.58678 2.53618 2.43937 2.38125 1.57915 2.00019 2.33119 2.56349 1.95054 2.27914 
1.11842 1.33387 1.68559 1.22656 1.15163 1.51311 1.39466 1.57412 1.18283 1.71834 1.51311 1.46106 2.19549 2.14489 2.04808 1.98996 1.18786 1.6089 1.9399 2.1722 1.55924 1.88785 
1.65393 1.86938 2.2211 1.76207 1.68713 2.04861 1.93017 2.10963 1.71834 2.25384 2.04861 1.99657 2.73099 2.68039 2.58359 2.52546 1.72337 2.14441 2.47541 2.70771 2.09475 2.42336 
1.4487 1.66415 2.01587 1.55684 1.4819 1.84338 1.72494 1.9044 1.51311 2.04861 1.84338 1.79134 2.52576 2.47516 2.37836 2.32023 1.51814 1.93918 2.27018 2.50248 1.88952 2.21813 
1.39666 1.61211 1.96383 1.5048 1.42986 1.79134 1.67289 1.85236 1.46106 1.99657 1.79134 1.7393 2.47372 2.42312 2.32632 2.26819 1.46609 1.88713 2.21814 2.45044 1.83748 2.16608 
2.13108 2.34653 2.69825 2.23922 2.16428 2.52576 2.40732 2.58678 2.19549 2.73099 2.52576 2.47372 3.20814 3.15754 3.06074 3.00261 2.20052 2.62156 2.95256 3.18486 2.5719 2.90051 
2.08048 2.29593 2.64765 2.18862 2.11368 2.47516 2.35672 2.53618 2.14489 2.68039 2.47516 2.42312 3.15754 3.10694 3.01014 2.95201 2.14992 2.57096 2.90196 3.13426 2.5213 2.84991 
1.98367 2.19913 2.55084 2.09182 2.01688 2.37836 2.25991 2.43937 2.04808 2.58359 2.37836 2.32632 3.06074 3.01014 2.91333 2.85521 2.05311 2.47415 2.80515 3.03745 2.4245 2.7531 
1.92555 2.141 2.49272 2.03369 1.95875 2.32023 2.20179 2.38125 1.98996 2.52546 2.32023 2.26819 3.00261 2.95201 2.85521 2.79708 1.99499 2.41603 2.74703 2.97933 2.36637 2.69498 
1.12345 1.3389 1.69062 1.23159 1.15666 1.51814 1.39969 1.57915 1.18786 1.72337 1.51814 1.46609 2.20052 2.14992 2.05311 1.99499 1.19289 1.61393 1.94493 2.17723 1.56427 1.89288 
1.54449 1.75995 2.11166 1.65264 1.5777 1.93918 1.82073 2.00019 1.6089 2.14441 1.93918 1.88713 2.62156 2.57096 2.47415 2.41603 1.61393 2.03497 2.36597 2.59827 1.98532 2.31392 
1.87549 2.09095 2.44266 1.98364 1.9087 2.27018 2.15173 2.33119 1.9399 2.47541 2.27018 2.21814 2.95256 2.90196 2.80515 2.74703 1.94493 2.36597 2.69697 2.92927 2.31632 2.64492 
2.10779 2.32325 2.67496 2.21594 2.141 2.50248 2.38403 2.56349 2.1722 2.70771 2.50248 2.45044 3.18486 3.13426 3.03745 2.97933 2.17723 2.59827 2.92927 3.16157 2.54862 2.87722 
1.49484 1.71029 2.06201 1.60298 1.52804 1.88952 1.77107 1.95054 1.55924 2.09475 1.88952 1.83748 2.5719 2.5213 2.4245 2.36637 1.56427 1.98532 2.31632 2.54862 1.93566 2.26426 
1.82344 2.0389 2.39061 1.93159 1.85665 2.21813 2.09968 2.27914 1.88785 2.42336 2.21813 2.16608 2.90051 2.84991 2.7531 2.69498 1.89288 2.31392 2.64492 2.87722 2.26426 2.59287 
3
1.05401 1.26947 1.62118 1.16216 1.08722 1.4487 1.33025 1.50971 1.11842 1.65393 1.4487 1.39666 2.13108 2.08048 1.98367 1.92555 1.12345 1.54449 1.87549 2.10779 1.49484 1.82344 
1.26947 1.48492 1.83664 1.37761 1.30267 1.66415 1.5457 1.72517 1.33387 1.86938 1.66415 1.61211 2.34653 2.29593 2.19913 2.141 1.3389 1.75995 2.09095 2.32325 1.71029 2.0389 
1.62118 1.83664 2.18835 1.72933 1.65439 2.01587 1.89742 2.07688 1.68559 2.2211 2.01587 1.96383 2.69825 2.64765 2.55084 2.49272 1.69062 2.11166 2.44266 2.67496 2.06201 2.39061 
1.16216 1.37761 1.72933 1.2703 1.19536 1.55684 1.43839 1.61786 1.22656 1.76207 1.55684 1.5048 2.23922 2.18862 2.09182 2.03369 1.23159 1.65264 1.98364 2.21594 1.60298 1.93159 
1.08722 1.30267 1.65439 1.19536 1.12042 1.4819 1.36346 1.54292 1.15163 1.68713 1.4819 1.42986 2.16428 2.11368 2.01688 1.95875 1.15666 1.5777 1.9087 2.141 1.52804 1.85665 
1.4487 1.66415 2.01587 1.55684 1.4819 1.84338 1.72494 1.9044 1.51311 2.04861 1.84338 1.79134 2.52576 2.47516 2.37836 2.32023 1.51814 1.93918 2.27018 2.50248 1.88952 2.21813 
1.33025 1.5457 1.89742 1.43839 1.36346 1.72494 1.60649 1.78595 1.39466 1.93017 1.72494 1.67289 2.40732 2.35672 2.25991 2.20179 1.39969 1.82073 2.15173 2.38403 1.77107 2.09968 
1.50971 1.72517 2.07688 1.61786 1.54292 1.9044 1.78595 1.96541 1.57412 2.10963 1.9044 1.85236 2.58678 2.53618 2.43937 2.38125 1.57915 2.00019 2.33119 2.56349 1.95054 2.27914 
1.11842 1.33387 1.68559 1.22656 1.15163 1.51311 1.39466 1.57412 1.18283 1.71834 1.51311 1.46106 2.19549 2.14489 2.04808 1.98996 1.18786 1.6089 1.9399 2.1722 1.55924 1.88785 
1.65393 1.86938 2.2211 1.76207 1.68713 2.04861 1.93017 2.10963 1.71834 2.25384 2.04861 1.99657 2.73099 2.68039 2.58359 2.52546 1.72337 2.14441 2.47541 2.70771 2.09475 2.42336 
1.4487 1.66415 2.01587 1.55684 1.4819 1.84338 1.72494 1.9044 1.51311 2.04861 1.84338 1.79134 2.52576 2.47516 2.37836 2.32023 1.51814 1.93918 2.27018 2.50248 1.88952 2.21813 
1.39666 1.61211 1.96383 1.5048 1.42986 1.79134 1.67289 1.85236 1.46106 1.99657 1.79134 1.7393 2.47372 2.42312 2.32632 2.26819 1.46609 1.88713 2.21814 2.45044 1.83748 2.16608 
2.13108 2.34653 2.69825 2.23922 2.16428 2.52576 2.40732 2.58678 2.19549 2.73099 2.52576 2.47372 3.20814 3.15754 3.06074 3.00261 2.20052 2.62156 2.95256 3.18486 2.5719 2.90051 
2.08048 2.29593 2.64765 2.18862 2.11368 2.47516 2.35672 2.53618 2.14489 2.68039 2.47516 2.42312 3.15754 3.10694 3.01014 2.95201 2.14992 2.57096 2.90196 3.13426 2.5213 2.84991 
1.98367 2.19913 2.55084 2.09182 2.01688 2.37836 2.25991 2.43937 2.04808 2.58359 2.37836 2.32632 3.06074 3.01014 2.91333 2.85521 2.05311 2.47415 2.80515 3.03745 2.4245 2.7531 
1.92555 2.141 2.49272 2.03369 1.95875 2.32023 2.20179 2.38125 1.98996 2.52546 2.32023 2.26819 3.00261 2.95201 2.85521 2.79708 1.99499 2.41603 2.74703 2.97933 2.36637 2.69498 
1.12345 1.3389 1.69062 1.23159 1.15666 1.51814 1.39969 1.57915 1.18786 1.72337 1.51814 1.46609 2.20052 2.14992 2.05311 1.99499 1.19289 1.61393 1.94493 2.17723 1.56427 1.89288 
1.54449 1.75995 2.11166 1.65264 1.5777 1.93918 1.82073 2.00019 1.6089 2.14441 1.93918 1.88713 2.62156 2.57096 2.47415 2.41603 1.61393 2.03497 2.36597 2.59827 1.98532 2.31392 
1.87549 2.09095 2.44266 1.98364 1.9087 2.27018 2.15173 2.33119 1.9399 2.47541 2.27018 2.21814 2.95256 2.90196 2.80515 2.74703 1.94493 2.36597 2.69697 2.92927 2.31632 2.64492 
2.10779 2.32325 2.67496 2.21594 2.141 2.50248 2.38403 2.56349 2.1722 2.70771 2.50248 2.45044 3.18486 3.13426 3.03745 2.97933 2.17723 2.59827 2.92927 3.16157 2.54862 2.87722 
1.49484 1.71029 2.06201 1.60298 1.52804 1.88952 1.77107 1.95054 1.55924 2.09475 1.88952 1.83748 2.5719 2.5213 2.4245 2.36637 1.56427 1.98532 2.31632 2.54862 1.93566 2.26426 
1.82344 2.0389 2.39061 1.93159 1.85665 2.21813 2.09968 2.27914 1.88785 2.42336 2.21813 2.16608 2.90051 2.84991 2.7531 2.69498 1.89288 2.31392 2.64492 2.87722 2.26426 2.59287 
4
1.05401 1.26947 1.62118 1.16216 1.08722 1.4487 1.33025 1.50971 1.11842 1.65393 1.4487 1.39666 2.13108 2.08048 1.98367 1.92555 1.12345 1.54449 1.87549 2.10779 1.49484 1.82344 
1.26947 1.48492 1.83664 1.37761 1.30267 1.66415 1.5457 1.72517 1.33387 1.86938 1.66415 1.61211 2.34653 2.29593 2.19913 2.141 1.3389 1.75995 2.09095 2.32325 1.71029 2.0389 
1.62118 1.83664 2.18835 1.72933 1.65439 2.01587 1.89742 2.07688 1.68559 2.2211 2.01587 1.96383 2.69825 2.64765 2.55084 2.49272 1.69062 2.11166 2.44266 2.67496 2.06201 2.39061 
1.16216 1.37761 1.72933 1.2703 1.19536 1.55684 1.43839 1.61786 1.22656 1.76207 1.55684 1.5048 2.23922 2.18862 2.09182 2.03369 1.23159 1.65264 1.98364 2.21594 1.60298 1.93159 
1.08722 1.30267 1.65439 1.19536 1.12042 1.4819 1.36346 1.54292 1.15163 1.68713 1.4819 1.42986 2.16428 2.11368 2.01688 1.95875 1.15666 1.5777 1.9087 2.141 1.52804 1.85665 
1.4487 1.66415 2.01587 1.55684 1.4819 1.84338 1.72494 1.9044 1.51311 2.04861 1.84338 1.79134 2.52576 2.47516 2.37836 2.32023 1.51814 1.93918 2.27018 2.50248 1.88952 2.21813 
1.33025 1.5457 1.89742 1.43839 1.36346 1.72494 1.60649 1.78595 1.39466 1.93017 1.72494 1.67289 2.40732 2.35672 2.25991 2.20179 1.39969 1.82073 2.15173 2.38403 1.77107 2.09968 
1.50971 1.72517 2.07688 1.61786 1.54292 1.9044 1.78595 1.96541 1.57412 2.10963 1.9044 1.85236 2.58678 2.53618 2.43937 2.38125 1.57915 2.00019 2.33119 2.56349 1.95054 2.27914 
1.11842 1.33387 1.68559 1.22656 1.15163 1.51311 1.39466 1.57412 1.18283 1.71834 1.51311 1.46106 2.19549 2.14489 2.04808 1.98996 1.18786 1.6089 1.9399 2.1722 1.55924 1.88785 
1.65393 1.86938 2.2211 1.76207 1.68713 2.04861 1.93017 2.10963 1.71834 2.25384 2.04861 1.99657 2.73099 2.68039 2.58359 2.52546 1.72337 2.14441 2.47541 2.70771 2.09475 2.42336 
1.4487 1.66415 2.01587 1.55684 1.4819 1.84338 1.72494 1.9044 1.51311 2.04861 1.84338 1.79134 2.52576 2.47516 2.37836 2.32023 1.51814 1.93918 2.27018 2.50248 1.88952 2.21813 
1.39666 1.61211 1.96383 1.5048 1.42986 1.79134 1.67289 1.85236 1.46106 1.99657 1.79134 1.7393 2.47372 2.42312 2.32632 2.26819 1.46609 1.88713 2.21814 2.45044 1.83748 2.16608 
2.13108 2.34653 2.69825 2.23922 2.16428 2.52576 2.40732 2.58678 2.19549 2.73099 2.52576 2.47372 3.20814 3.15754 3.06074 3.00261 2.20052 2.62156 2.95256 3.18486 2.5719 2.90051 
2.08048 2.29593 2.64765 2.18862 2.11368 2.47516 2.35672 2.53618 2.14489 2.68039 2.47516 2.42312 3.15754 3.10694 3.01014 2.95201 2.14992 2.57096 2.90196 3.13426 2.5213 2.84991 
1.98367 2.19913 2.55084 2.09182 2.01688 2.37836 2.25991 2.43937 2.04808 2.58359 2.37836 2.32632 3.06074 3.01014 2.91333 2.85521 2.05311 2.47415 2.80515 3.03745 2.4245 2.7531 
1.92555 2.141 2.49272 2.03369 1.95875 2.32023 2.20179 2.38125 1.98996 2.52546 2.32023 2.26819 3.00261 2.95201 2.85521 2.79708 1.99499 2.41603 2.74703 2.97933 2.36637 2.69498 
1.12345 1.3389 1.69062 1.23159 1.15666 1.51814 1.39969 1.57915 1.18786 1.72337 1.51814 1.46609 2.20052 2.14992 2.05311 1.99499 1.19289 1.61393 1.94493 2.17723 1.56427 1.89288 
1.54449 1.75995 2.11166 1.65264 1.5777 1.93918 1.82073 2.00019 1.6089 2.14441 1.93918 1.88713 2.62156 2.57096 2.47415 2.41603 1.61393 2.03497 2.36597 2.59827 1.98532 2.31392 
1.87549 2.09095 2.44266 1.98364 1.9087 2.27018 2.15173 2.33119 1.9399 2.47541 2.27018 2.21814 2.95256 2.90196 2.80515 2.74703 1.94493 2.36597 2.69697 2.92927 2.31632 2.64492 
2.10779 2.32325 2.67496 2.21594 2.141 2.50248 2.38403 2.56349 2.1722 2.70771 2.50248 2.45044 3.18486 3.13426 3.03745 2.97933 2.17723 2.59827 2.92927 3.16157 2.54862 2.87722 
1.49484 1.71029 2.06201 1.60298 1.52804 1.88952 1.77107 1.95054 1.55924 2.09475 1.88952 1.83748 2.5719 2.5213 2.4245 2.36637 1.56427 1.98532 2.31632 2.54862 1.93566 2.26426 
1.82344 2.0389 2.39061 1.93159 1.85665 2.21813 2.09968 2.27914 1.88785 2.42336 2.21813 2.16608 2.90051 2.84991 2.7531 2.69498 1.89288 2.31392 2.64492 2.87722 2.26426 2.59287 
5
1.05401 1.26947 1.62118 1.16216 1.08722 1.4487 1.33025 1.50971 1.11842 1.65393 1.4487 1.39666 2.13108 2.08048 1.98367 1.92555 1.12345 1.54449 1.87549 2.10779 1.49484 1.82344 
1.26947 1.48492 1.83664 1.37761 1.30267 1.66415 1.5457 1.72517 1.33387 1.86938 1.66415 1.61211 2.34653 2.29593 2.19913 2.141 1.3389 1.75995 2.09095 2.32325 1.71029 2.0389 
1.62118 1.83664 2.18835 1.72933 1.65439 2.01587 1.89742 2.07688 1.68559 2.2211 2.01587 1.96383 2.69825 2.64765 2.55084 2.49272 1.69062 2.11166 2.44266 2.67496 2.06201 2.39061 
1.16216 1.37761 1.72933 1.2703 1.19536 1.55684 1.43839 1.61786 1.22656 1.76207 1.55684 1.5048 2.23922 2.18862 2.09182 2.03369 1.23159 1.65264 1.98364 2.21594 1.60298 1.93159 
1.08722 1.30267 1.65439 1.19536 1.12042 1.4819 1.36346 1.54292 1.15163 1.68713 1.4819 1.42986 2.16428 2.11368 2.01688 1.95875 1.15666 1.5777 1.9087 2.141 1.52804 1.85665 
1.4487 1.66415 2.01587 1.55684 1.4819 1.84338 1.72494 1.9044 1.51311 2.04861 1.84338 1.79134 2.52576 2.47516 2.37836 2.32023 1.51814 1.93918 2.27018 2.50248 1.88952 2.21813 
1.33025 1.5457 1.89742 1.43839 1.36346 1.72494 1.60649 1.78595 1.39466 1.93017 1.72494 1.67289 2.40732 2.35672 2.25991 2.20179 1.39969 1.82073 2.15173 2.38403 1.77107 2.09968 
1.50971 1.72517 2.07688 1.61786 1.54292 1.9044 1.78595 1.96541 1.57412 2.10963 1.9044 1.85236 2.58678 2.53618 2.43937 2.38125 1.57915 2.00019 2.33119 2.56349 1.95054 2.27914 
1.11842 1.33387 1.68559 1.22656 1.15163 1.51311 1.39466 1.57412 1.18283 1.71834 1.51311 1.46106 2.19549 2.14489 2.04808 1.98996 1.18786 1.6089 1.9399 2.1722 1.55924 1.88785 
1.65393 1.86938 2.2211 1.76207 1.68713 2.04861 1.93017 2.10963 1.71834 2.25384 2.04861 1.99657 2.73099 2.68039 2.58359 2.52546 1.72337 2.14441 2.47541 2.70771 2.09475 2.42336 
1.4487 1.66415 2.01587 1.55684 1.4819 1.84338 1.72494 1.9044 1.51311 2.04861 1.84338 1.79134 2.52576 2.47516 2.37836 2.32023 1.51814 1.93918 2.27018 2.50248 1.88952 2.21813 
1.39666 1.61211 1.96383 1.5048 1.42986 1.79134 1.67289 1.85236 1.46106 1.99657 1.79134 1.7393 2.47372 2.42312 2.32632 2.26819 1.46609 1.88713 2.21814 2.45044 1.83748 2.16608 
2.13108 2.34653 2.69825 2.23922 2.16428 2.52576 2.40732 2.58678 2.19549 2.73099 2.52576 2.47372 3.20814 3.15754 3.06074 3.00261 2.20052 2.62156 2.95256 3.18486 2.5719 2.90051 
2.08048 2.29593 2.64765 2.18862 2.11368 2.47516 2.35672 2.53618 2.14489 2.68039 2.47516 2.42312 3.15754 3.10694 3.01014 2.95201 2.14992 2.57096 2.90196 3.13426 2.5213 2.84991 
1.98367 2.19913 2.55084 2.09182 2.01688 2.37836 2.25991 2.43937 2.04808 2.58359 2.37836 2.32632 3.06074 3.01014 2.91333 2.85521 2.05311 2.47415 2.80515 3.03745 2.4245 2.7531 
1.92555 2.141 2.49272 2.03369 1.95875 2.32023 2.20179 2.38125 1.98996 2.52546 2.32023 2.26819 3.00261 2.95201 2.85521 2.79708 1.99499 2.41603 2.74703 2.97933 2.36637 2.69498 
1.12345 1.3389 1.69062 1.23159 1.15666 1.51814 1.39969 1.57915 1.18786 1.72337 1.51814 1.46609 2.20052 2.14992 2.05311 1.99499 1.19289 1.61393 1.94493 2.17723 1.56427 1.89288 
1.54449 1.75995 2.11166 1.65264 1.5777 1.93918 1.82073 2.00019 1.6089 2.14441 1.93918 1.88713 2.62156 2.57096 2.47415 2.41603 1.61393 2.03497 2.36597 2.59827 1.98532 2.31392 
1.87549 2.09095 2.44266 1.98364 1.9087 2.27018 2.15173 2.33119 1.9399 2.47541 2.27018 2.21814 2.95256 2.90196 2.80515 2.74703 1.94493 2.36597 2.69697 2.92927 2.31632 2.64492 
2.10779 2.32325 2.67496 2.21594 2.141 2.50248 2.38403 2.56349 2.1722 2.70771 2.50248 2.45044 3.18486 3.13426 3.03745 2.97933 2.17723 2.59827 2.92927 3.16157 2.54862 2.87722 
1.49484 1.71029 2.06201 1.60298 1.52804 1.88952 1.77107 1.95054 1.55924 2.09475 1.88952 1.83748 2.5719 2.5213 2.4245 2.36637 1.56427 1.98532 2.31632 2.54862 1.93566 2.26426 
