RC101
1
9
10
30
10 1 2 3 4 5 6 7 8 9 10
3 1 2 3
5 1 2 3 4 5
4 1 2 3 4
2 1 2
4 1 2 3 4
1 1
1 1
2 1 2
5 1 2 3 4 5
0.179505 0.179505 0.235702 0.166667 1.53659 1.37437 1.58114 2.62488 2.28741 
0.179505 
0.179505 
0.235702 
0.166667 
1.53659 
1.37437 
1.58114 
2.62488 
2.28741 
1
3 0.166667 0.166667 0.166667
5 0.166667 0.166667 0.166667 0.166667 0.166667
4 0.166667 0.166667 0.166667 0.166667
2 0.166667 0.166667
4 0.166667 0.166667 0.166667 0.166667
1 0.166667
1 0.166667
2 0.166667 0.166667
5 0.166667 0.166667 0.166667 0.166667 0.166667
2
3 0.166667 0.166667 0.166667
5 0.166667 0.166667 0.166667 0.166667 0.166667
4 0.166667 0.166667 0.166667 0.166667
2 0.166667 0.166667
4 0.166667 0.166667 0.166667 0.166667
1 0.166667
1 0.166667
2 0.166667 0.166667
5 0.166667 0.166667 0.166667 0.166667 0.166667
3
3 0.166667 0.166667 0.166667
5 0.166667 0.166667 0.166667 0.166667 0.166667
4 0.166667 0.166667 0.166667 0.166667
2 0.166667 0.166667
4 0.166667 0.166667 0.166667 0.166667
1 0.166667
1 0.166667
2 0.166667 0.166667
5 0.166667 0.166667 0.166667 0.166667 0.166667
4
3 0.166667 0.166667 0.166667
5 0.166667 0.166667 0.166667 0.166667 0.166667
4 0.166667 0.166667 0.166667 0.166667
2 0.166667 0.166667
4 0.166667 0.166667 0.166667 0.166667
1 0.166667
1 0.166667
2 0.166667 0.166667
5 0.166667 0.166667 0.166667 0.166667 0.166667
5
3 0.166667 0.166667 0.166667
5 0.166667 0.166667 0.166667 0.166667 0.166667
4 0.166667 0.166667 0.166667 0.166667
2 0.166667 0.166667
4 0.166667 0.166667 0.166667 0.166667
1 0.166667
1 0.166667
2 0.166667 0.166667
5 0.166667 0.166667 0.166667 0.166667 0.166667
6
3 0.166667 0.166667 0.166667
5 0.166667 0.166667 0.166667 0.166667 0.166667
4 0.166667 0.166667 0.166667 0.166667
2 0.166667 0.166667
4 0.166667 0.166667 0.166667 0.166667
1 0.166667
1 0.166667
2 0.166667 0.166667
5 0.166667 0.166667 0.166667 0.166667 0.166667
7
3 0.166667 0.166667 0.166667
5 0.166667 0.166667 0.166667 0.166667 0.166667
4 0.166667 0.166667 0.166667 0.166667
2 0.166667 0.166667
4 0.166667 0.166667 0.166667 0.166667
1 0.166667
1 0.166667
2 0.166667 0.166667
5 0.166667 0.166667 0.166667 0.166667 0.166667
8
3 0.166667 0.166667 0.166667
5 0.166667 0.166667 0.166667 0.166667 0.166667
4 0.166667 0.166667 0.166667 0.166667
2 0.166667 0.166667
4 0.166667 0.166667 0.166667 0.166667
1 0.166667
1 0.166667
2 0.166667 0.166667
5 0.166667 0.166667 0.166667 0.166667 0.166667
9
3 0.166667 0.166667 0.166667
5 0.166667 0.166667 0.166667 0.166667 0.166667
4 0.166667 0.166667 0.166667 0.166667
2 0.166667 0.166667
4 0.166667 0.166667 0.166667 0.166667
1 0.166667
1 0.166667
2 0.166667 0.166667
5 0.166667 0.166667 0.166667 0.166667 0.166667
10
3 0.166667 0.166667 0.166667
5 0.166667 0.166667 0.166667 0.166667 0.166667
4 0.166667 0.166667 0.166667 0.166667
2 0.166667 0.166667
4 0.166667 0.166667 0.166667 0.166667
1 0.166667
1 0.166667
2 0.166667 0.166667
5 0.166667 0.166667 0.166667 0.166667 0.166667
0.166667 0.166667 0.166667 0.166667 0.166667 0.166667 0.166667 0.166667 0.166667 
1
0.442344 0.442344 0.498541 0.429505 1.79943 1.63721 1.84398 2.88772 2.55024 
0.442344 0.442344 0.498541 0.429505 1.79943 1.63721 1.84398 2.88772 2.55024 
0.498541 0.498541 0.554738 0.485702 1.85563 1.6934 1.90017 2.94392 2.60644 
0.429505 0.429505 0.485702 0.416667 1.78659 1.62437 1.83114 2.87488 2.53741 
1.79943 1.79943 1.85563 1.78659 3.15651 2.99429 3.20106 4.24481 3.90733 
1.63721 1.63721 1.6934 1.62437 2.99429 2.83207 3.03884 4.08258 3.74511 
1.84398 1.84398 1.90017 1.83114 3.20106 3.03884 3.24561 4.28935 3.95188 
2.88772 2.88772 2.94392 2.87488 4.24481 4.08258 4.28935 5.3331 4.99562 
2.55024 2.55024 2.60644 2.53741 3.90733 3.74511 3.95188 4.99562 4.65814 
2
0.442344 0.442344 0.498541 0.429505 1.79943 1.63721 1.84398 2.88772 2.55024 
0.442344 0.442344 0.498541 0.429505 1.79943 1.63721 1.84398 2.88772 2.55024 
0.498541 0.498541 0.554738 0.485702 1.85563 1.6934 1.90017 2.94392 2.60644 
0.429505 0.429505 0.485702 0.416667 1.78659 1.62437 1.83114 2.87488 2.53741 
1.79943 1.79943 1.85563 1.78659 3.15651 2.99429 3.20106 4.24481 3.90733 
1.63721 1.63721 1.6934 1.62437 2.99429 2.83207 3.03884 4.08258 3.74511 
1.84398 1.84398 1.90017 1.83114 3.20106 3.03884 3.24561 4.28935 3.95188 
2.88772 2.88772 2.94392 2.87488 4.24481 4.08258 4.28935 5.3331 4.99562 
2.55024 2.55024 2.60644 2.53741 3.90733 3.74511 3.95188 4.99562 4.65814 
3
0.442344 0.442344 0.498541 0.429505 1.79943 1.63721 1.84398 2.88772 2.55024 
0.442344 0.442344 0.498541 0.429505 1.79943 1.63721 1.84398 2.88772 2.55024 
0.498541 0.498541 0.554738 0.485702 1.85563 1.6934 1.90017 2.94392 2.60644 
0.429505 0.429505 0.485702 0.416667 1.78659 1.62437 1.83114 2.87488 2.53741 
1.79943 1.79943 1.85563 1.78659 3.15651 2.99429 3.20106 4.24481 3.90733 
1.63721 1.63721 1.6934 1.62437 2.99429 2.83207 3.03884 4.08258 3.74511 
1.84398 1.84398 1.90017 1.83114 3.20106 3.03884 3.24561 4.28935 3.95188 
2.88772 2.88772 2.94392 2.87488 4.24481 4.08258 4.28935 5.3331 4.99562 
2.55024 2.55024 2.60644 2.53741 3.90733 3.74511 3.95188 4.99562 4.65814 
4
0.442344 0.442344 0.498541 0.429505 1.79943 1.63721 1.84398 2.88772 2.55024 
0.442344 0.442344 0.498541 0.429505 1.79943 1.63721 1.84398 2.88772 2.55024 
0.498541 0.498541 0.554738 0.485702 1.85563 1.6934 1.90017 2.94392 2.60644 
0.429505 0.429505 0.485702 0.416667 1.78659 1.62437 1.83114 2.87488 2.53741 
1.79943 1.79943 1.85563 1.78659 3.15651 2.99429 3.20106 4.24481 3.90733 
1.63721 1.63721 1.6934 1.62437 2.99429 2.83207 3.03884 4.08258 3.74511 
1.84398 1.84398 1.90017 1.83114 3.20106 3.03884 3.24561 4.28935 3.95188 
2.88772 2.88772 2.94392 2.87488 4.24481 4.08258 4.28935 5.3331 4.99562 
2.55024 2.55024 2.60644 2.53741 3.90733 3.74511 3.95188 4.99562 4.65814 
5
0.442344 0.442344 0.498541 0.429505 1.79943 1.63721 1.84398 2.88772 2.55024 
0.442344 0.442344 0.498541 0.429505 1.79943 1.63721 1.84398 2.88772 2.55024 
0.498541 0.498541 0.554738 0.485702 1.85563 1.6934 1.90017 2.94392 2.60644 
0.429505 0.429505 0.485702 0.416667 1.78659 1.62437 1.83114 2.87488 2.53741 
1.79943 1.79943 1.85563 1.78659 3.15651 2.99429 3.20106 4.24481 3.90733 
1.63721 1.63721 1.6934 1.62437 2.99429 2.83207 3.03884 4.08258 3.74511 
1.84398 1.84398 1.90017 1.83114 3.20106 3.03884 3.24561 4.28935 3.95188 
2.88772 2.88772 2.94392 2.87488 4.24481 4.08258 4.28935 5.3331 4.99562 
2.55024 2.55024 2.60644 2.53741 3.90733 3.74511 3.95188 4.99562 4.65814 
6
0.442344 0.442344 0.498541 0.429505 1.79943 1.63721 1.84398 2.88772 2.55024 
0.442344 0.442344 0.498541 0.429505 1.79943 1.63721 1.84398 2.88772 2.55024 
0.498541 0.498541 0.554738 0.485702 1.85563 1.6934 1.90017 2.94392 2.60644 
0.429505 0.429505 0.485702 0.416667 1.78659 1.62437 1.83114 2.87488 2.53741 
1.79943 1.79943 1.85563 1.78659 3.15651 2.99429 3.20106 4.24481 3.90733 
1.63721 1.63721 1.6934 1.62437 2.99429 2.83207 3.03884 4.08258 3.74511 
1.84398 1.84398 1.90017 1.83114 3.20106 3.03884 3.24561 4.28935 3.95188 
2.88772 2.88772 2.94392 2.87488 4.24481 4.08258 4.28935 5.3331 4.99562 
2.55024 2.55024 2.60644 2.53741 3.90733 3.74511 3.95188 4.99562 4.65814 
7
0.442344 0.442344 0.498541 0.429505 1.79943 1.63721 1.84398 2.88772 2.55024 
0.442344 0.442344 0.498541 0.429505 1.79943 1.63721 1.84398 2.88772 2.55024 
0.498541 0.498541 0.554738 0.485702 1.85563 1.6934 1.90017 2.94392 2.60644 
0.429505 0.429505 0.485702 0.416667 1.78659 1.62437 1.83114 2.87488 2.53741 
1.79943 1.79943 1.85563 1.78659 3.15651 2.99429 3.20106 4.24481 3.90733 
1.63721 1.63721 1.6934 1.62437 2.99429 2.83207 3.03884 4.08258 3.74511 
1.84398 1.84398 1.90017 1.83114 3.20106 3.03884 3.24561 4.28935 3.95188 
2.88772 2.88772 2.94392 2.87488 4.24481 4.08258 4.28935 5.3331 4.99562 
2.55024 2.55024 2.60644 2.53741 3.90733 3.74511 3.95188 4.99562 4.65814 
8
0.442344 0.442344 0.498541 0.429505 1.79943 1.63721 1.84398 2.88772 2.55024 
0.442344 0.442344 0.498541 0.429505 1.79943 1.63721 1.84398 2.88772 2.55024 
0.498541 0.498541 0.554738 0.485702 1.85563 1.6934 1.90017 2.94392 2.60644 
0.429505 0.429505 0.485702 0.416667 1.78659 1.62437 1.83114 2.87488 2.53741 
1.79943 1.79943 1.85563 1.78659 3.15651 2.99429 3.20106 4.24481 3.90733 
1.63721 1.63721 1.6934 1.62437 2.99429 2.83207 3.03884 4.08258 3.74511 
1.84398 1.84398 1.90017 1.83114 3.20106 3.03884 3.24561 4.28935 3.95188 
2.88772 2.88772 2.94392 2.87488 4.24481 4.08258 4.28935 5.3331 4.99562 
2.55024 2.55024 2.60644 2.53741 3.90733 3.74511 3.95188 4.99562 4.65814 
9
0.442344 0.442344 0.498541 0.429505 1.79943 1.63721 1.84398 2.88772 2.55024 
0.442344 0.442344 0.498541 0.429505 1.79943 1.63721 1.84398 2.88772 2.55024 
0.498541 0.498541 0.554738 0.485702 1.85563 1.6934 1.90017 2.94392 2.60644 
0.429505 0.429505 0.485702 0.416667 1.78659 1.62437 1.83114 2.87488 2.53741 
1.79943 1.79943 1.85563 1.78659 3.15651 2.99429 3.20106 4.24481 3.90733 
1.63721 1.63721 1.6934 1.62437 2.99429 2.83207 3.03884 4.08258 3.74511 
1.84398 1.84398 1.90017 1.83114 3.20106 3.03884 3.24561 4.28935 3.95188 
2.88772 2.88772 2.94392 2.87488 4.24481 4.08258 4.28935 5.3331 4.99562 
2.55024 2.55024 2.60644 2.53741 3.90733 3.74511 3.95188 4.99562 4.65814 
10
0.442344 0.442344 0.498541 0.429505 1.79943 1.63721 1.84398 2.88772 2.55024 
0.442344 0.442344 0.498541 0.429505 1.79943 1.63721 1.84398 2.88772 2.55024 
0.498541 0.498541 0.554738 0.485702 1.85563 1.6934 1.90017 2.94392 2.60644 
0.429505 0.429505 0.485702 0.416667 1.78659 1.62437 1.83114 2.87488 2.53741 
1.79943 1.79943 1.85563 1.78659 3.15651 2.99429 3.20106 4.24481 3.90733 
1.63721 1.63721 1.6934 1.62437 2.99429 2.83207 3.03884 4.08258 3.74511 
1.84398 1.84398 1.90017 1.83114 3.20106 3.03884 3.24561 4.28935 3.95188 
2.88772 2.88772 2.94392 2.87488 4.24481 4.08258 4.28935 5.3331 4.99562 
2.55024 2.55024 2.60644 2.53741 3.90733 3.74511 3.95188 4.99562 4.65814 
8 8 8.5 8.5 9 9.5 9.5 10.5 10.5 
9 8.5 9 9 10.5 11 11.5 12 12.5 
7 
18 
