r-C2P5-V3
2
5
20
30
10 1 2 3 4 5 6 7 8 9 10
10 11 12 13 14 15 16 17 18 19 20
4 1 2 3 4
3 1 2 3
3 1 2 3
4 1 2 3 4
4 1 2 3 4
0.1 0.120185 0.1 0.87496 0.926763 
0.924362 0.897527 0.887568 0.179505 0.166667 
0.1 0.924362 
0.120185 0.897527 
0.1 0.887568 
0.87496 0.179505 
0.926763 0.166667 
1
4 0.166667 0.166667 0.166667 0.166667
3 0.166667 0.166667 0.166667
3 0.166667 0.166667 0.166667
4 0.166667 0.166667 0.166667 0.166667
4 0.166667 0.166667 0.166667 0.166667
2
4 0.166667 0.166667 0.166667 0.166667
3 0.166667 0.166667 0.166667
3 0.166667 0.166667 0.166667
4 0.166667 0.166667 0.166667 0.166667
4 0.166667 0.166667 0.166667 0.166667
3
4 0.166667 0.166667 0.166667 0.166667
3 0.166667 0.166667 0.166667
3 0.166667 0.166667 0.166667
4 0.166667 0.166667 0.166667 0.166667
4 0.166667 0.166667 0.166667 0.166667
4
4 0.166667 0.166667 0.166667 0.166667
3 0.166667 0.166667 0.166667
3 0.166667 0.166667 0.166667
4 0.166667 0.166667 0.166667 0.166667
4 0.166667 0.166667 0.166667 0.166667
5
4 0.166667 0.166667 0.166667 0.166667
3 0.166667 0.166667 0.166667
3 0.166667 0.166667 0.166667
4 0.166667 0.166667 0.166667 0.166667
4 0.166667 0.166667 0.166667 0.166667
6
4 0.166667 0.166667 0.166667 0.166667
3 0.166667 0.166667 0.166667
3 0.166667 0.166667 0.166667
4 0.166667 0.166667 0.166667 0.166667
4 0.166667 0.166667 0.166667 0.166667
7
4 0.166667 0.166667 0.166667 0.166667
3 0.166667 0.166667 0.166667
3 0.166667 0.166667 0.166667
4 0.166667 0.166667 0.166667 0.166667
4 0.166667 0.166667 0.166667 0.166667
8
4 0.166667 0.166667 0.166667 0.166667
3 0.166667 0.166667 0.166667
3 0.166667 0.166667 0.166667
4 0.166667 0.166667 0.166667 0.166667
4 0.166667 0.166667 0.166667 0.166667
9
4 0.166667 0.166667 0.166667 0.166667
3 0.166667 0.166667 0.166667
3 0.166667 0.166667 0.166667
4 0.166667 0.166667 0.166667 0.166667
4 0.166667 0.166667 0.166667 0.166667
10
4 0.166667 0.166667 0.166667 0.166667
3 0.166667 0.166667 0.166667
3 0.166667 0.166667 0.166667
4 0.166667 0.166667 0.166667 0.166667
4 0.166667 0.166667 0.166667 0.166667
11
4 0.166667 0.166667 0.166667 0.166667
3 0.166667 0.166667 0.166667
3 0.166667 0.166667 0.166667
4 0.166667 0.166667 0.166667 0.166667
4 0.166667 0.166667 0.166667 0.166667
12
4 0.166667 0.166667 0.166667 0.166667
3 0.166667 0.166667 0.166667
3 0.166667 0.166667 0.166667
4 0.166667 0.166667 0.166667 0.166667
4 0.166667 0.166667 0.166667 0.166667
13
4 0.166667 0.166667 0.166667 0.166667
3 0.166667 0.166667 0.166667
3 0.166667 0.166667 0.166667
4 0.166667 0.166667 0.166667 0.166667
4 0.166667 0.166667 0.166667 0.166667
14
4 0.166667 0.166667 0.166667 0.166667
3 0.166667 0.166667 0.166667
3 0.166667 0.166667 0.166667
4 0.166667 0.166667 0.166667 0.166667
4 0.166667 0.166667 0.166667 0.166667
15
4 0.166667 0.166667 0.166667 0.166667
3 0.166667 0.166667 0.166667
3 0.166667 0.166667 0.166667
4 0.166667 0.166667 0.166667 0.166667
4 0.166667 0.166667 0.166667 0.166667
16
4 0.166667 0.166667 0.166667 0.166667
3 0.166667 0.166667 0.166667
3 0.166667 0.166667 0.166667
4 0.166667 0.166667 0.166667 0.166667
4 0.166667 0.166667 0.166667 0.166667
17
4 0.166667 0.166667 0.166667 0.166667
3 0.166667 0.166667 0.166667
3 0.166667 0.166667 0.166667
4 0.166667 0.166667 0.166667 0.166667
4 0.166667 0.166667 0.166667 0.166667
18
4 0.166667 0.166667 0.166667 0.166667
3 0.166667 0.166667 0.166667
3 0.166667 0.166667 0.166667
4 0.166667 0.166667 0.166667 0.166667
4 0.166667 0.166667 0.166667 0.166667
19
4 0.166667 0.166667 0.166667 0.166667
3 0.166667 0.166667 0.166667
3 0.166667 0.166667 0.166667
4 0.166667 0.166667 0.166667 0.166667
4 0.166667 0.166667 0.166667 0.166667
20
4 0.166667 0.166667 0.166667 0.166667
3 0.166667 0.166667 0.166667
3 0.166667 0.166667 0.166667
4 0.166667 0.166667 0.166667 0.166667
4 0.166667 0.166667 0.166667 0.166667
0.0833333 0.0833333 
0.166667 0.166667 0.166667 0.166667 0.166667 
1
0.283333 0.303518 0.283333 1.05829 1.1101 
0.303518 0.323703 0.303518 1.07848 1.13028 
0.283333 0.303518 0.283333 1.05829 1.1101 
1.05829 1.07848 1.05829 1.83325 1.88506 
1.1101 1.13028 1.1101 1.88506 1.93686 
2
0.283333 0.303518 0.283333 1.05829 1.1101 
0.303518 0.323703 0.303518 1.07848 1.13028 
0.283333 0.303518 0.283333 1.05829 1.1101 
1.05829 1.07848 1.05829 1.83325 1.88506 
1.1101 1.13028 1.1101 1.88506 1.93686 
3
0.283333 0.303518 0.283333 1.05829 1.1101 
0.303518 0.323703 0.303518 1.07848 1.13028 
0.283333 0.303518 0.283333 1.05829 1.1101 
1.05829 1.07848 1.05829 1.83325 1.88506 
1.1101 1.13028 1.1101 1.88506 1.93686 
4
0.283333 0.303518 0.283333 1.05829 1.1101 
0.303518 0.323703 0.303518 1.07848 1.13028 
0.283333 0.303518 0.283333 1.05829 1.1101 
1.05829 1.07848 1.05829 1.83325 1.88506 
1.1101 1.13028 1.1101 1.88506 1.93686 
5
0.283333 0.303518 0.283333 1.05829 1.1101 
0.303518 0.323703 0.303518 1.07848 1.13028 
0.283333 0.303518 0.283333 1.05829 1.1101 
1.05829 1.07848 1.05829 1.83325 1.88506 
1.1101 1.13028 1.1101 1.88506 1.93686 
6
0.283333 0.303518 0.283333 1.05829 1.1101 
0.303518 0.323703 0.303518 1.07848 1.13028 
0.283333 0.303518 0.283333 1.05829 1.1101 
1.05829 1.07848 1.05829 1.83325 1.88506 
1.1101 1.13028 1.1101 1.88506 1.93686 
7
0.283333 0.303518 0.283333 1.05829 1.1101 
0.303518 0.323703 0.303518 1.07848 1.13028 
0.283333 0.303518 0.283333 1.05829 1.1101 
1.05829 1.07848 1.05829 1.83325 1.88506 
1.1101 1.13028 1.1101 1.88506 1.93686 
8
0.283333 0.303518 0.283333 1.05829 1.1101 
0.303518 0.323703 0.303518 1.07848 1.13028 
0.283333 0.303518 0.283333 1.05829 1.1101 
1.05829 1.07848 1.05829 1.83325 1.88506 
1.1101 1.13028 1.1101 1.88506 1.93686 
9
0.283333 0.303518 0.283333 1.05829 1.1101 
0.303518 0.323703 0.303518 1.07848 1.13028 
0.283333 0.303518 0.283333 1.05829 1.1101 
1.05829 1.07848 1.05829 1.83325 1.88506 
1.1101 1.13028 1.1101 1.88506 1.93686 
10
0.283333 0.303518 0.283333 1.05829 1.1101 
0.303518 0.323703 0.303518 1.07848 1.13028 
0.283333 0.303518 0.283333 1.05829 1.1101 
1.05829 1.07848 1.05829 1.83325 1.88506 
1.1101 1.13028 1.1101 1.88506 1.93686 
11
1.93206 1.90522 1.89526 1.1872 1.17436 
1.90522 1.87839 1.86843 1.16037 1.14753 
1.89526 1.86843 1.85847 1.15041 1.13757 
1.1872 1.16037 1.15041 0.442344 0.429505 
1.17436 1.14753 1.13757 0.429505 0.416667 
12
1.93206 1.90522 1.89526 1.1872 1.17436 
1.90522 1.87839 1.86843 1.16037 1.14753 
1.89526 1.86843 1.85847 1.15041 1.13757 
1.1872 1.16037 1.15041 0.442344 0.429505 
1.17436 1.14753 1.13757 0.429505 0.416667 
13
1.93206 1.90522 1.89526 1.1872 1.17436 
1.90522 1.87839 1.86843 1.16037 1.14753 
1.89526 1.86843 1.85847 1.15041 1.13757 
1.1872 1.16037 1.15041 0.442344 0.429505 
1.17436 1.14753 1.13757 0.429505 0.416667 
14
1.93206 1.90522 1.89526 1.1872 1.17436 
1.90522 1.87839 1.86843 1.16037 1.14753 
1.89526 1.86843 1.85847 1.15041 1.13757 
1.1872 1.16037 1.15041 0.442344 0.429505 
1.17436 1.14753 1.13757 0.429505 0.416667 
15
1.93206 1.90522 1.89526 1.1872 1.17436 
1.90522 1.87839 1.86843 1.16037 1.14753 
1.89526 1.86843 1.85847 1.15041 1.13757 
1.1872 1.16037 1.15041 0.442344 0.429505 
1.17436 1.14753 1.13757 0.429505 0.416667 
16
1.93206 1.90522 1.89526 1.1872 1.17436 
1.90522 1.87839 1.86843 1.16037 1.14753 
1.89526 1.86843 1.85847 1.15041 1.13757 
1.1872 1.16037 1.15041 0.442344 0.429505 
1.17436 1.14753 1.13757 0.429505 0.416667 
17
1.93206 1.90522 1.89526 1.1872 1.17436 
1.90522 1.87839 1.86843 1.16037 1.14753 
1.89526 1.86843 1.85847 1.15041 1.13757 
1.1872 1.16037 1.15041 0.442344 0.429505 
1.17436 1.14753 1.13757 0.429505 0.416667 
18
1.93206 1.90522 1.89526 1.1872 1.17436 
1.90522 1.87839 1.86843 1.16037 1.14753 
1.89526 1.86843 1.85847 1.15041 1.13757 
1.1872 1.16037 1.15041 0.442344 0.429505 
1.17436 1.14753 1.13757 0.429505 0.416667 
19
1.93206 1.90522 1.89526 1.1872 1.17436 
1.90522 1.87839 1.86843 1.16037 1.14753 
1.89526 1.86843 1.85847 1.15041 1.13757 
1.1872 1.16037 1.15041 0.442344 0.429505 
1.17436 1.14753 1.13757 0.429505 0.416667 
20
1.93206 1.90522 1.89526 1.1872 1.17436 
1.90522 1.87839 1.86843 1.16037 1.14753 
1.89526 1.86843 1.85847 1.15041 1.13757 
1.1872 1.16037 1.15041 0.442344 0.429505 
1.17436 1.14753 1.13757 0.429505 0.416667 
8 8 8 8 8 
9 8.5 8.5 9 9 
7 7 
18 18 
