r-C2P5-V2
2
5
20
30
10 1 2 3 4 5 6 7 8 9 10
10 11 12 13 14 15 16 17 18 19 20
3 1 2 3
1 1
4 1 2 3 4
1 1
4 1 2 3 4
0.1 0.0745356 0.133333 0.926763 0.929755 
0.924362 0.760847 0.72111 0.166667 0.235702 
0.1 0.924362 
0.0745356 0.760847 
0.133333 0.72111 
0.926763 0.166667 
0.929755 0.235702 
1
3 0.166667 0.166667 0.166667
1 0.166667
4 0.166667 0.166667 0.166667 0.166667
1 0.166667
4 0.166667 0.166667 0.166667 0.166667
2
3 0.166667 0.166667 0.166667
1 0.166667
4 0.166667 0.166667 0.166667 0.166667
1 0.166667
4 0.166667 0.166667 0.166667 0.166667
3
3 0.166667 0.166667 0.166667
1 0.166667
4 0.166667 0.166667 0.166667 0.166667
1 0.166667
4 0.166667 0.166667 0.166667 0.166667
4
3 0.166667 0.166667 0.166667
1 0.166667
4 0.166667 0.166667 0.166667 0.166667
1 0.166667
4 0.166667 0.166667 0.166667 0.166667
5
3 0.166667 0.166667 0.166667
1 0.166667
4 0.166667 0.166667 0.166667 0.166667
1 0.166667
4 0.166667 0.166667 0.166667 0.166667
6
3 0.166667 0.166667 0.166667
1 0.166667
4 0.166667 0.166667 0.166667 0.166667
1 0.166667
4 0.166667 0.166667 0.166667 0.166667
7
3 0.166667 0.166667 0.166667
1 0.166667
4 0.166667 0.166667 0.166667 0.166667
1 0.166667
4 0.166667 0.166667 0.166667 0.166667
8
3 0.166667 0.166667 0.166667
1 0.166667
4 0.166667 0.166667 0.166667 0.166667
1 0.166667
4 0.166667 0.166667 0.166667 0.166667
9
3 0.166667 0.166667 0.166667
1 0.166667
4 0.166667 0.166667 0.166667 0.166667
1 0.166667
4 0.166667 0.166667 0.166667 0.166667
10
3 0.166667 0.166667 0.166667
1 0.166667
4 0.166667 0.166667 0.166667 0.166667
1 0.166667
4 0.166667 0.166667 0.166667 0.166667
11
3 0.166667 0.166667 0.166667
1 0.166667
4 0.166667 0.166667 0.166667 0.166667
1 0.166667
4 0.166667 0.166667 0.166667 0.166667
12
3 0.166667 0.166667 0.166667
1 0.166667
4 0.166667 0.166667 0.166667 0.166667
1 0.166667
4 0.166667 0.166667 0.166667 0.166667
13
3 0.166667 0.166667 0.166667
1 0.166667
4 0.166667 0.166667 0.166667 0.166667
1 0.166667
4 0.166667 0.166667 0.166667 0.166667
14
3 0.166667 0.166667 0.166667
1 0.166667
4 0.166667 0.166667 0.166667 0.166667
1 0.166667
4 0.166667 0.166667 0.166667 0.166667
15
3 0.166667 0.166667 0.166667
1 0.166667
4 0.166667 0.166667 0.166667 0.166667
1 0.166667
4 0.166667 0.166667 0.166667 0.166667
16
3 0.166667 0.166667 0.166667
1 0.166667
4 0.166667 0.166667 0.166667 0.166667
1 0.166667
4 0.166667 0.166667 0.166667 0.166667
17
3 0.166667 0.166667 0.166667
1 0.166667
4 0.166667 0.166667 0.166667 0.166667
1 0.166667
4 0.166667 0.166667 0.166667 0.166667
18
3 0.166667 0.166667 0.166667
1 0.166667
4 0.166667 0.166667 0.166667 0.166667
1 0.166667
4 0.166667 0.166667 0.166667 0.166667
19
3 0.166667 0.166667 0.166667
1 0.166667
4 0.166667 0.166667 0.166667 0.166667
1 0.166667
4 0.166667 0.166667 0.166667 0.166667
20
3 0.166667 0.166667 0.166667
1 0.166667
4 0.166667 0.166667 0.166667 0.166667
1 0.166667
4 0.166667 0.166667 0.166667 0.166667
0.166667 0.166667 0.166667 0.166667 0.166667 
1
0.283333 0.257869 0.316667 1.1101 1.11309 
0.257869 0.232405 0.291202 1.08463 1.08762 
0.316667 0.291202 0.35 1.14343 1.14642 
1.1101 1.08463 1.14343 1.93686 1.93985 
1.11309 1.08762 1.14642 1.93985 1.94284 
2
0.283333 0.257869 0.316667 1.1101 1.11309 
0.257869 0.232405 0.291202 1.08463 1.08762 
0.316667 0.291202 0.35 1.14343 1.14642 
1.1101 1.08463 1.14343 1.93686 1.93985 
1.11309 1.08762 1.14642 1.93985 1.94284 
3
0.283333 0.257869 0.316667 1.1101 1.11309 
0.257869 0.232405 0.291202 1.08463 1.08762 
0.316667 0.291202 0.35 1.14343 1.14642 
1.1101 1.08463 1.14343 1.93686 1.93985 
1.11309 1.08762 1.14642 1.93985 1.94284 
4
0.283333 0.257869 0.316667 1.1101 1.11309 
0.257869 0.232405 0.291202 1.08463 1.08762 
0.316667 0.291202 0.35 1.14343 1.14642 
1.1101 1.08463 1.14343 1.93686 1.93985 
1.11309 1.08762 1.14642 1.93985 1.94284 
5
0.283333 0.257869 0.316667 1.1101 1.11309 
0.257869 0.232405 0.291202 1.08463 1.08762 
0.316667 0.291202 0.35 1.14343 1.14642 
1.1101 1.08463 1.14343 1.93686 1.93985 
1.11309 1.08762 1.14642 1.93985 1.94284 
6
0.283333 0.257869 0.316667 1.1101 1.11309 
0.257869 0.232405 0.291202 1.08463 1.08762 
0.316667 0.291202 0.35 1.14343 1.14642 
1.1101 1.08463 1.14343 1.93686 1.93985 
1.11309 1.08762 1.14642 1.93985 1.94284 
7
0.283333 0.257869 0.316667 1.1101 1.11309 
0.257869 0.232405 0.291202 1.08463 1.08762 
0.316667 0.291202 0.35 1.14343 1.14642 
1.1101 1.08463 1.14343 1.93686 1.93985 
1.11309 1.08762 1.14642 1.93985 1.94284 
8
0.283333 0.257869 0.316667 1.1101 1.11309 
0.257869 0.232405 0.291202 1.08463 1.08762 
0.316667 0.291202 0.35 1.14343 1.14642 
1.1101 1.08463 1.14343 1.93686 1.93985 
1.11309 1.08762 1.14642 1.93985 1.94284 
9
0.283333 0.257869 0.316667 1.1101 1.11309 
0.257869 0.232405 0.291202 1.08463 1.08762 
0.316667 0.291202 0.35 1.14343 1.14642 
1.1101 1.08463 1.14343 1.93686 1.93985 
1.11309 1.08762 1.14642 1.93985 1.94284 
10
0.283333 0.257869 0.316667 1.1101 1.11309 
0.257869 0.232405 0.291202 1.08463 1.08762 
0.316667 0.291202 0.35 1.14343 1.14642 
1.1101 1.08463 1.14343 1.93686 1.93985 
1.11309 1.08762 1.14642 1.93985 1.94284 
11
1.93206 1.76854 1.72881 1.17436 1.2434 
1.76854 1.60503 1.56529 1.01085 1.07988 
1.72881 1.56529 1.52555 0.97111 1.04015 
1.17436 1.01085 0.97111 0.416667 0.485702 
1.2434 1.07988 1.04015 0.485702 0.554738 
12
1.93206 1.76854 1.72881 1.17436 1.2434 
1.76854 1.60503 1.56529 1.01085 1.07988 
1.72881 1.56529 1.52555 0.97111 1.04015 
1.17436 1.01085 0.97111 0.416667 0.485702 
1.2434 1.07988 1.04015 0.485702 0.554738 
13
1.93206 1.76854 1.72881 1.17436 1.2434 
1.76854 1.60503 1.56529 1.01085 1.07988 
1.72881 1.56529 1.52555 0.97111 1.04015 
1.17436 1.01085 0.97111 0.416667 0.485702 
1.2434 1.07988 1.04015 0.485702 0.554738 
14
1.93206 1.76854 1.72881 1.17436 1.2434 
1.76854 1.60503 1.56529 1.01085 1.07988 
1.72881 1.56529 1.52555 0.97111 1.04015 
1.17436 1.01085 0.97111 0.416667 0.485702 
1.2434 1.07988 1.04015 0.485702 0.554738 
15
1.93206 1.76854 1.72881 1.17436 1.2434 
1.76854 1.60503 1.56529 1.01085 1.07988 
1.72881 1.56529 1.52555 0.97111 1.04015 
1.17436 1.01085 0.97111 0.416667 0.485702 
1.2434 1.07988 1.04015 0.485702 0.554738 
16
1.93206 1.76854 1.72881 1.17436 1.2434 
1.76854 1.60503 1.56529 1.01085 1.07988 
1.72881 1.56529 1.52555 0.97111 1.04015 
1.17436 1.01085 0.97111 0.416667 0.485702 
1.2434 1.07988 1.04015 0.485702 0.554738 
17
1.93206 1.76854 1.72881 1.17436 1.2434 
1.76854 1.60503 1.56529 1.01085 1.07988 
1.72881 1.56529 1.52555 0.97111 1.04015 
1.17436 1.01085 0.97111 0.416667 0.485702 
1.2434 1.07988 1.04015 0.485702 0.554738 
18
1.93206 1.76854 1.72881 1.17436 1.2434 
1.76854 1.60503 1.56529 1.01085 1.07988 
1.72881 1.56529 1.52555 0.97111 1.04015 
1.17436 1.01085 0.97111 0.416667 0.485702 
1.2434 1.07988 1.04015 0.485702 0.554738 
19
1.93206 1.76854 1.72881 1.17436 1.2434 
1.76854 1.60503 1.56529 1.01085 1.07988 
1.72881 1.56529 1.52555 0.97111 1.04015 
1.17436 1.01085 0.97111 0.416667 0.485702 
1.2434 1.07988 1.04015 0.485702 0.554738 
20
1.93206 1.76854 1.72881 1.17436 1.2434 
1.76854 1.60503 1.56529 1.01085 1.07988 
1.72881 1.56529 1.52555 0.97111 1.04015 
1.17436 1.01085 0.97111 0.416667 0.485702 
1.2434 1.07988 1.04015 0.485702 0.554738 
8 8 8 8 8 
8.5 8.5 9 8.5 9 
7 7 
18 18 
