r-R2P5-V3
2
5
20
30
10 1 2 3 4 5 6 7 8 9 10
10 11 12 13 14 15 16 17 18 19 20
4 1 2 3 4
3 1 2 3
3 1 2 3
4 1 2 3 4
4 1 2 3 4
0.593483 0.518545 0.549747 1.56241 1.415 
1.66667 1.11803 1.53659 0.666667 0.372678 
0.593483 1.66667 
0.518545 1.11803 
0.549747 1.53659 
1.56241 0.666667 
1.415 0.372678 
1
4 0.166667 0.166667 0.166667 0.166667
3 0.166667 0.166667 0.166667
3 0.166667 0.166667 0.166667
4 0.166667 0.166667 0.166667 0.166667
4 0.166667 0.166667 0.166667 0.166667
2
4 0.166667 0.166667 0.166667 0.166667
3 0.166667 0.166667 0.166667
3 0.166667 0.166667 0.166667
4 0.166667 0.166667 0.166667 0.166667
4 0.166667 0.166667 0.166667 0.166667
3
4 0.166667 0.166667 0.166667 0.166667
3 0.166667 0.166667 0.166667
3 0.166667 0.166667 0.166667
4 0.166667 0.166667 0.166667 0.166667
4 0.166667 0.166667 0.166667 0.166667
4
4 0.166667 0.166667 0.166667 0.166667
3 0.166667 0.166667 0.166667
3 0.166667 0.166667 0.166667
4 0.166667 0.166667 0.166667 0.166667
4 0.166667 0.166667 0.166667 0.166667
5
4 0.166667 0.166667 0.166667 0.166667
3 0.166667 0.166667 0.166667
3 0.166667 0.166667 0.166667
4 0.166667 0.166667 0.166667 0.166667
4 0.166667 0.166667 0.166667 0.166667
6
4 0.166667 0.166667 0.166667 0.166667
3 0.166667 0.166667 0.166667
3 0.166667 0.166667 0.166667
4 0.166667 0.166667 0.166667 0.166667
4 0.166667 0.166667 0.166667 0.166667
7
4 0.166667 0.166667 0.166667 0.166667
3 0.166667 0.166667 0.166667
3 0.166667 0.166667 0.166667
4 0.166667 0.166667 0.166667 0.166667
4 0.166667 0.166667 0.166667 0.166667
8
4 0.166667 0.166667 0.166667 0.166667
3 0.166667 0.166667 0.166667
3 0.166667 0.166667 0.166667
4 0.166667 0.166667 0.166667 0.166667
4 0.166667 0.166667 0.166667 0.166667
9
4 0.166667 0.166667 0.166667 0.166667
3 0.166667 0.166667 0.166667
3 0.166667 0.166667 0.166667
4 0.166667 0.166667 0.166667 0.166667
4 0.166667 0.166667 0.166667 0.166667
10
4 0.166667 0.166667 0.166667 0.166667
3 0.166667 0.166667 0.166667
3 0.166667 0.166667 0.166667
4 0.166667 0.166667 0.166667 0.166667
4 0.166667 0.166667 0.166667 0.166667
11
4 0.166667 0.166667 0.166667 0.166667
3 0.166667 0.166667 0.166667
3 0.166667 0.166667 0.166667
4 0.166667 0.166667 0.166667 0.166667
4 0.166667 0.166667 0.166667 0.166667
12
4 0.166667 0.166667 0.166667 0.166667
3 0.166667 0.166667 0.166667
3 0.166667 0.166667 0.166667
4 0.166667 0.166667 0.166667 0.166667
4 0.166667 0.166667 0.166667 0.166667
13
4 0.166667 0.166667 0.166667 0.166667
3 0.166667 0.166667 0.166667
3 0.166667 0.166667 0.166667
4 0.166667 0.166667 0.166667 0.166667
4 0.166667 0.166667 0.166667 0.166667
14
4 0.166667 0.166667 0.166667 0.166667
3 0.166667 0.166667 0.166667
3 0.166667 0.166667 0.166667
4 0.166667 0.166667 0.166667 0.166667
4 0.166667 0.166667 0.166667 0.166667
15
4 0.166667 0.166667 0.166667 0.166667
3 0.166667 0.166667 0.166667
3 0.166667 0.166667 0.166667
4 0.166667 0.166667 0.166667 0.166667
4 0.166667 0.166667 0.166667 0.166667
16
4 0.166667 0.166667 0.166667 0.166667
3 0.166667 0.166667 0.166667
3 0.166667 0.166667 0.166667
4 0.166667 0.166667 0.166667 0.166667
4 0.166667 0.166667 0.166667 0.166667
17
4 0.166667 0.166667 0.166667 0.166667
3 0.166667 0.166667 0.166667
3 0.166667 0.166667 0.166667
4 0.166667 0.166667 0.166667 0.166667
4 0.166667 0.166667 0.166667 0.166667
18
4 0.166667 0.166667 0.166667 0.166667
3 0.166667 0.166667 0.166667
3 0.166667 0.166667 0.166667
4 0.166667 0.166667 0.166667 0.166667
4 0.166667 0.166667 0.166667 0.166667
19
4 0.166667 0.166667 0.166667 0.166667
3 0.166667 0.166667 0.166667
3 0.166667 0.166667 0.166667
4 0.166667 0.166667 0.166667 0.166667
4 0.166667 0.166667 0.166667 0.166667
20
4 0.166667 0.166667 0.166667 0.166667
3 0.166667 0.166667 0.166667
3 0.166667 0.166667 0.166667
4 0.166667 0.166667 0.166667 0.166667
4 0.166667 0.166667 0.166667 0.166667
0.166667 0.166667 0.166667 0.166667 0.166667 
1
1.2703 1.19536 1.22656 2.23922 2.09182 
1.19536 1.12042 1.15163 2.16428 2.01688 
1.22656 1.15163 1.18283 2.19549 2.04808 
2.23922 2.16428 2.19549 3.20814 3.06074 
2.09182 2.01688 2.04808 3.06074 2.91333 
2
1.2703 1.19536 1.22656 2.23922 2.09182 
1.19536 1.12042 1.15163 2.16428 2.01688 
1.22656 1.15163 1.18283 2.19549 2.04808 
2.23922 2.16428 2.19549 3.20814 3.06074 
2.09182 2.01688 2.04808 3.06074 2.91333 
3
1.2703 1.19536 1.22656 2.23922 2.09182 
1.19536 1.12042 1.15163 2.16428 2.01688 
1.22656 1.15163 1.18283 2.19549 2.04808 
2.23922 2.16428 2.19549 3.20814 3.06074 
2.09182 2.01688 2.04808 3.06074 2.91333 
4
1.2703 1.19536 1.22656 2.23922 2.09182 
1.19536 1.12042 1.15163 2.16428 2.01688 
1.22656 1.15163 1.18283 2.19549 2.04808 
2.23922 2.16428 2.19549 3.20814 3.06074 
2.09182 2.01688 2.04808 3.06074 2.91333 
5
1.2703 1.19536 1.22656 2.23922 2.09182 
1.19536 1.12042 1.15163 2.16428 2.01688 
1.22656 1.15163 1.18283 2.19549 2.04808 
2.23922 2.16428 2.19549 3.20814 3.06074 
2.09182 2.01688 2.04808 3.06074 2.91333 
6
1.2703 1.19536 1.22656 2.23922 2.09182 
1.19536 1.12042 1.15163 2.16428 2.01688 
1.22656 1.15163 1.18283 2.19549 2.04808 
2.23922 2.16428 2.19549 3.20814 3.06074 
2.09182 2.01688 2.04808 3.06074 2.91333 
7
1.2703 1.19536 1.22656 2.23922 2.09182 
1.19536 1.12042 1.15163 2.16428 2.01688 
1.22656 1.15163 1.18283 2.19549 2.04808 
2.23922 2.16428 2.19549 3.20814 3.06074 
2.09182 2.01688 2.04808 3.06074 2.91333 
8
1.2703 1.19536 1.22656 2.23922 2.09182 
1.19536 1.12042 1.15163 2.16428 2.01688 
1.22656 1.15163 1.18283 2.19549 2.04808 
2.23922 2.16428 2.19549 3.20814 3.06074 
2.09182 2.01688 2.04808 3.06074 2.91333 
9
1.2703 1.19536 1.22656 2.23922 2.09182 
1.19536 1.12042 1.15163 2.16428 2.01688 
1.22656 1.15163 1.18283 2.19549 2.04808 
2.23922 2.16428 2.19549 3.20814 3.06074 
2.09182 2.01688 2.04808 3.06074 2.91333 
10
1.2703 1.19536 1.22656 2.23922 2.09182 
1.19536 1.12042 1.15163 2.16428 2.01688 
1.22656 1.15163 1.18283 2.19549 2.04808 
2.23922 2.16428 2.19549 3.20814 3.06074 
2.09182 2.01688 2.04808 3.06074 2.91333 
11
3.41667 2.86803 3.28659 2.41667 2.12268 
2.86803 2.3194 2.73796 1.86803 1.57405 
3.28659 2.73796 3.15651 2.28659 1.9926 
2.41667 1.86803 2.28659 1.41667 1.12268 
2.12268 1.57405 1.9926 1.12268 0.828689 
12
3.41667 2.86803 3.28659 2.41667 2.12268 
2.86803 2.3194 2.73796 1.86803 1.57405 
3.28659 2.73796 3.15651 2.28659 1.9926 
2.41667 1.86803 2.28659 1.41667 1.12268 
2.12268 1.57405 1.9926 1.12268 0.828689 
13
3.41667 2.86803 3.28659 2.41667 2.12268 
2.86803 2.3194 2.73796 1.86803 1.57405 
3.28659 2.73796 3.15651 2.28659 1.9926 
2.41667 1.86803 2.28659 1.41667 1.12268 
2.12268 1.57405 1.9926 1.12268 0.828689 
14
3.41667 2.86803 3.28659 2.41667 2.12268 
2.86803 2.3194 2.73796 1.86803 1.57405 
3.28659 2.73796 3.15651 2.28659 1.9926 
2.41667 1.86803 2.28659 1.41667 1.12268 
2.12268 1.57405 1.9926 1.12268 0.828689 
15
3.41667 2.86803 3.28659 2.41667 2.12268 
2.86803 2.3194 2.73796 1.86803 1.57405 
3.28659 2.73796 3.15651 2.28659 1.9926 
2.41667 1.86803 2.28659 1.41667 1.12268 
2.12268 1.57405 1.9926 1.12268 0.828689 
16
3.41667 2.86803 3.28659 2.41667 2.12268 
2.86803 2.3194 2.73796 1.86803 1.57405 
3.28659 2.73796 3.15651 2.28659 1.9926 
2.41667 1.86803 2.28659 1.41667 1.12268 
2.12268 1.57405 1.9926 1.12268 0.828689 
17
3.41667 2.86803 3.28659 2.41667 2.12268 
2.86803 2.3194 2.73796 1.86803 1.57405 
3.28659 2.73796 3.15651 2.28659 1.9926 
2.41667 1.86803 2.28659 1.41667 1.12268 
2.12268 1.57405 1.9926 1.12268 0.828689 
18
3.41667 2.86803 3.28659 2.41667 2.12268 
2.86803 2.3194 2.73796 1.86803 1.57405 
3.28659 2.73796 3.15651 2.28659 1.9926 
2.41667 1.86803 2.28659 1.41667 1.12268 
2.12268 1.57405 1.9926 1.12268 0.828689 
19
3.41667 2.86803 3.28659 2.41667 2.12268 
2.86803 2.3194 2.73796 1.86803 1.57405 
3.28659 2.73796 3.15651 2.28659 1.9926 
2.41667 1.86803 2.28659 1.41667 1.12268 
2.12268 1.57405 1.9926 1.12268 0.828689 
20
3.41667 2.86803 3.28659 2.41667 2.12268 
2.86803 2.3194 2.73796 1.86803 1.57405 
3.28659 2.73796 3.15651 2.28659 1.9926 
2.41667 1.86803 2.28659 1.41667 1.12268 
2.12268 1.57405 1.9926 1.12268 0.828689 
8 8 8 8 8 
9 8.5 8.5 9 9 
7 7 
18 18 
