T-M-V1-2P-4E-5C
2
4
5
20
3 1 2 3 
2 4 5 
2 1 2 
1 1 
3 1 2 3 
2 1 2 
0.412311 0.316228 0.291548 0.460977 
0.531507 0.460977 0.269258 0.316228 
0.412311 0.531507 
0.316228 0.460977 
0.291548 0.269258 
0.460977 0.316228 
1
2	0.2	0.2	
1	0.2	
3	0.2	0.2	0.2	
2	0.2	0.2	
2
2	0.2	0.2	
1	0.2	
3	0.2	0.2	0.2	
2	0.2	0.2	
3
2	0.2	0.2	
1	0.2	
3	0.2	0.2	0.2	
2	0.2	0.2	
4
2	0.2	0.2	
1	0.2	
3	0.2	0.2	0.2	
2	0.2	0.2	
5
2	0.2	0.2	
1	0.2	
3	0.2	0.2	0.2	
2	0.2	0.2	
0.3	0.3	0.3	0.3	
1
0.824621	0.728538	0.703858	0.873288	
0.728538	0.632456	0.607775	0.777205	
0.703858	0.607775	0.583095	0.752525	
0.873288	0.777205	0.752525	0.921954	
2
0.824621	0.728538	0.703858	0.873288	
0.728538	0.632456	0.607775	0.777205	
0.703858	0.607775	0.583095	0.752525	
0.873288	0.777205	0.752525	0.921954	
3
0.824621	0.728538	0.703858	0.873288	
0.728538	0.632456	0.607775	0.777205	
0.703858	0.607775	0.583095	0.752525	
0.873288	0.777205	0.752525	0.921954	
4
1.06301	0.992485	0.800766	0.847735	
0.992485	0.921954	0.730235	0.777205	
0.800766	0.730235	0.538516	0.585486	
0.847735	0.777205	0.585486	0.632456	
5
1.06301	0.992485	0.800766	0.847735	
0.992485	0.921954	0.730235	0.777205	
0.800766	0.730235	0.538516	0.585486	
0.847735	0.777205	0.585486	0.632456	
8 8 8 8 
16 16 16 16 
8 8 
16 16 
